annotationId,page,y,x,commentId,rectangleId,comment_text
011fcd6e-342a-46ee-a42b-4dd1bad534e9,44,40.39930644,161.8070219,1a17d697-fa37-49a7-928c-722ae4949f02,1b36e8b9-e7a7-4135-bc33-1bfd46c42f9e, this is comment for performance test on perftest environment  we can see the comments later  for small files for second perf test1
41f164c6-380b-431f-8869-4a9b9fce88f8,62,259.8745272,223.4237036,2768183d-4293-44ad-93b1-e0907fc80a2b,0865dddd-0017-46f7-89ba-7bc418c2c678, this is comment for performance test on perftest environment  we can see the comments later  for small files for second perf test2
a4293473-fc3f-47d8-96d3-fd6db0549544,49,398.776443,70.30947834,ce4d999c-35e8-48c6-962e-68b5b2f0504c,159507a5-7f6b-4044-aca9-44658eaa70e8, this is comment for performance test on perftest environment  we can see the comments later  for small files for second perf test3
0f220a07-ccbb-49b4-bbae-90bc8d4b6908,155,276.452291,103.2567004,c126ef8c-a5ea-42d1-8d59-7957b2e6d1b1,4312567f-f88b-467f-9f8e-dd80f6acaf90, this is comment for performance test on perftest environment  we can see the comments later  for small files for second perf test4
83c0cbb5-8f63-4742-b788-19c0977b9584,170,410.1969785,51.97486937,a5483168-974d-4a80-a240-5cbdc41c76c3,42706ea6-2fbe-4ec5-882f-aac89a1d11f8, this is comment for performance test on perftest environment  we can see the comments later  for small files for second perf test5
4c143494-cfa3-4bb4-81a8-29d9b068a171,155,32.71511905,194.9496595,b36ed922-eac5-4110-9555-d14fb8cc5447,6b220f0f-65c2-4417-ab63-5db29f9cd321, this is comment for performance test on perftest environment  we can see the comments later  for small files for second perf test6
6d656562-b907-493a-91c6-512d23bc660b,43,43.99345854,54.67534904,3f0174ea-dd5c-48e9-9fb2-c0b52101f141,86dfdef5-d3c4-4282-8a57-50b5763be1d1, this is comment for performance test on perftest environment  we can see the comments later  for small files for second perf test7
63c526d5-9aca-492b-b461-6750502d83b3,93,347.9400963,262.6593019,5454875c-ff19-432d-90c0-626f1f9f6d3a,defe5a83-3972-4dd0-913e-1c18be7eee9b, this is comment for performance test on perftest environment  we can see the comments later  for small files for second perf test8
2606e2c8-dd70-4fb5-861c-4e1d5574ed03,63,243.2315379,108.5186571,74f40d37-cfb5-45ff-8f68-ef9b11d9a873,bbe84f8e-fae2-46af-864b-503c414ff730, this is comment for performance test on perftest environment  we can see the comments later  for small files for second perf test9
66911bc0-5e1e-4819-a540-36d8060ad1b4,2,112.3231725,13.56247191,023b1541-1c5a-42bb-bd9d-8756c5f05eb7,76540f88-f8df-4dfd-9a89-349056e861df, this is comment for performance test on perftest environment  we can see the comments later  for small files for second perf test10
5789c362-aeea-43b2-9f7b-87b7194b5516,44,405.4704201,96.82076405,98237997-f4af-46e0-95a6-2770accda9d4,d3f75b57-afce-4fe7-a265-319427f342b7, this is comment for performance test on perftest environment  we can see the comments later  for small files for second perf test11
2f3cb1e1-2795-44dc-a6fb-4f3e09261c8e,65,6.180792551,256.6959859,7a1c5362-9285-473d-b3bd-caa8f8a03222,d17cac0c-79bf-433f-8451-fb2eec4faabc, this is comment for performance test on perftest environment  we can see the comments later  for small files for second perf test12
95870c18-28e2-4553-a988-33e5e2fdeeb3,168,450.0344011,36.32982216,f2d1df3a-a337-4962-8678-e05b6905f691,edc619ef-bf51-43a6-a1fe-1959ee521180, this is comment for performance test on perftest environment  we can see the comments later  for small files for second perf test13
597bafdf-89bd-4cb8-a3ef-064b7675eb6f,188,463.7484319,25.18360387,d4d72def-591c-49eb-9049-9ce75bdc029b,89fd7638-58da-4b05-9319-18e83685ae94, this is comment for performance test on perftest environment  we can see the comments later  for small files for second perf test14
9ca7f32b-9d3c-4acb-b121-79ee07866a0e,121,3.139205674,135.4659193,b13252be-6835-4e22-a84f-e8a2a2969b4c,fadabac7-b8b8-461f-aa4c-b8b5547a5a4b, this is comment for performance test on perftest environment  we can see the comments later  for small files for second perf test15
e2d8665f-14f9-4de7-abe9-53d5008dcf52,162,33.01883843,69.02379724,8c29e00a-6b8c-4117-981e-e88f31299431,50847105-1365-4ae8-89e9-89b3eea8aad1, this is comment for performance test on perftest environment  we can see the comments later  for small files for second perf test16
75caf15d-7fb8-4f1c-ae48-65306e10d3e1,29,44.82572786,260.6827754,aae7f4bf-d4d9-4094-ada0-d8eef99f814c,601e64ea-b911-4fdf-8a44-057e097b6371, this is comment for performance test on perftest environment  we can see the comments later  for small files for second perf test17
d5c8770e-1c16-4f58-9ab1-1c4c8ef63447,119,395.582944,245.440596,3b9ead93-cfd8-44ad-ba7f-1a5aa94adcd4,e1decd5b-314c-4bf5-8008-920121f49492, this is comment for performance test on perftest environment  we can see the comments later  for small files for second perf test18
77396862-0767-4e69-929e-61c3d00c4da6,103,468.5433517,157.7270008,54135ee5-9ecc-4522-8b1e-aeddd40ff12e,358c7803-8a78-4900-b7c9-1b8ea9a6dbc5, this is comment for performance test on perftest environment  we can see the comments later  for small files for second perf test19
060f613a-ad69-4bb1-ad31-04c0c5901b32,157,300.4898826,228.8293439,a14c1482-dd10-48a6-a3ff-de08daa288c6,b5bb2a76-990c-417a-b0cc-3bff5da1ba26, this is comment for performance test on perftest environment  we can see the comments later  for small files for second perf test20
6d57cefe-3c21-49cd-be7d-d3ebd9dcb2c0,114,405.8842694,227.3309024,04af855e-1e1a-476a-b20a-9c6968165f45,aa7476c9-2843-48e4-8ff5-83c8da65b11a, this is comment for performance test on perftest environment  we can see the comments later  for small files for second perf test21
1a1a6552-4363-4272-824e-659e3337fc7e,78,30.31057431,67.22878936,2164bd12-cf47-4ee6-bd9f-4fbafc75e873,b46b6879-92ed-4f87-bbf8-bbda1f935ff5, this is comment for performance test on perftest environment  we can see the comments later  for small files for second perf test22
6755c9da-87f7-459b-9939-6767abdceb94,132,389.3240049,101.0487216,78dd6750-6152-47ed-9750-5db1ac79b60d,e508a531-d592-4c2c-9135-b23192cd2640, this is comment for performance test on perftest environment  we can see the comments later  for small files for second perf test23
4517fe64-0229-4b05-a9d8-38cbd6ef47dc,87,88.39181022,225.749575,ec9e7fd0-3518-4cba-9997-5a0af0bab88a,2c47b865-3fe8-4c4b-9d5f-b1d20ceee9e4, this is comment for performance test on perftest environment  we can see the comments later  for small files for second perf test24
7ec0e497-ba33-4ef1-bf93-16a0ea07113e,156,137.236003,11.42163499,27149e87-0ff4-4367-bd66-6aa26c86fc95,7b2ee43e-9332-49d2-8362-2121d369d43f, this is comment for performance test on perftest environment  we can see the comments later  for small files for second perf test25
6a620d16-c2dc-42d0-964f-699f26c5cb3a,142,367.182466,117.2815053,8c1ad876-4d5c-4a62-821a-884cdbb3ed46,c6903471-314c-4d5a-811a-c88f496cf62c, this is comment for performance test on perftest environment  we can see the comments later  for small files for second perf test26
f4485a33-4ccc-4ca6-a429-0239b4b3ae55,78,393.7196079,136.8822934,86b1e8cf-cbd9-4540-a76f-43748a7171ce,34b96dbf-e2a8-41f9-af9e-277267608abb, this is comment for performance test on perftest environment  we can see the comments later  for small files for second perf test27
6ff66e79-a060-4575-9ec6-782243cef081,68,7.893420488,278.9417495,3797362a-6324-4cd3-bc47-83b4eabe0bf5,38da1b6d-afa4-4291-8085-c1a65bdea25a, this is comment for performance test on perftest environment  we can see the comments later  for small files for second perf test28
c912efd1-de20-4550-93e9-b4e94ba7053b,121,185.1497784,162.7971832,c156b24f-fe7d-44e3-b623-e8f686469e42,9e2bd7c1-b7e9-40a3-8d08-7fe14ae689c0, this is comment for performance test on perftest environment  we can see the comments later  for small files for second perf test29
f1f5d4c1-1039-49bc-be4f-e3840a414a27,143,81.95125346,50.03298126,97e3c638-6750-40d6-af1c-107e90796437,bcb57eae-a84a-496c-aa43-663e4b359c37, this is comment for performance test on perftest environment  we can see the comments later  for small files for second perf test30
17642e00-aa00-4eec-8080-908be6ffea4a,84,433.4989291,249.3686971,43f41580-299a-4653-a1ed-8e73e1ea7d72,e4c4a560-a5cc-4728-b24d-f625b637458d, this is comment for performance test on perftest environment  we can see the comments later  for small files for second perf test31
af80db26-c2a6-4a86-abc2-457b2cd44b50,168,40.99219135,248.7332589,2142c796-0888-4f9e-afb8-41775614ec3b,20957eae-e174-492d-a0ab-80673c5e794b, this is comment for performance test on perftest environment  we can see the comments later  for small files for second perf test32
aa890888-5e1e-40c6-836c-1d53a09678c0,84,109.5101797,199.9154038,4f193def-3953-43a8-b969-681c51954776,090d3bfd-f1c3-448c-b63d-4ead80eec536, this is comment for performance test on perftest environment  we can see the comments later  for small files for second perf test33
62e7e91c-b4b9-498a-a5af-f248d7c5c432,84,481.7229226,174.3825854,08493e55-0be0-4b31-bbf6-f60ec9f809bd,7b753270-68c2-4183-b06b-13da436a3978, this is comment for performance test on perftest environment  we can see the comments later  for small files for second perf test34
27e7155b-8a2d-401a-91cb-c8d0b4cb24d5,94,306.2668401,71.01765526,7a15c938-3cc9-4eaf-848b-a744e607ffa8,82444ae4-ab76-4083-98ec-6d0666888a7e, this is comment for performance test on perftest environment  we can see the comments later  for small files for second perf test35
64c94d56-2b59-455d-8dfe-24b50f0892c7,71,127.995697,38.16898645,cf78bdf2-8b17-45a0-818e-67d3524744a1,b049c716-07bd-4383-bfec-60005651d746, this is comment for performance test on perftest environment  we can see the comments later  for small files for second perf test36
6b291de3-2cb6-46e9-918c-02b9b8dbbc59,157,453.5947666,252.4182199,f5725465-d2b0-4691-8140-3a3600a3295b,a9450779-41e7-4a20-893d-9d03e178e4f8, this is comment for performance test on perftest environment  we can see the comments later  for small files for second perf test37
2e79dd49-646c-45a5-8c4c-36e5ae3ef921,44,228.9855032,294.418109,4826113c-de0b-43dc-b6b6-e75e0f35ea23,fcc9b4bb-13c9-49ea-b5a8-74e693202971, this is comment for performance test on perftest environment  we can see the comments later  for small files for second perf test38
98dc7dbd-45a4-4c00-b9a4-9c0e71e2d583,119,87.47667283,139.2280913,f398faf1-44e2-4975-9406-d44d85ced09b,9d7f083c-e730-4573-b70a-00f680f16b8a, this is comment for performance test on perftest environment  we can see the comments later  for small files for second perf test39
810b4a71-07b2-4790-ad25-fec254f81d2b,115,329.4396872,218.7852714,5e9b3c34-e585-4ac6-a696-b844fd296931,004bffe6-0f26-40b3-bfee-59fac83c8e29, this is comment for performance test on perftest environment  we can see the comments later  for small files for second perf test40
13dd726e-13f0-4358-844e-2a6153c6de59,190,496.1149872,143.2931283,a296966e-b4a4-4a82-8941-f75c696316e2,f6897d36-befd-49ed-9c1c-6d92ff0b1a60, this is comment for performance test on perftest environment  we can see the comments later  for small files for second perf test41
a6f7c0e1-8ac1-46b7-8b2c-4716a7b8698c,101,66.55003482,8.729955852,c3b6662f-d04e-4c49-8410-07a68da65961,0a2557fe-ab15-4935-9b29-79c3f7dfaf12, this is comment for performance test on perftest environment  we can see the comments later  for small files for second perf test42
c19b4ec7-2dd2-46b1-9449-fa4b66855012,129,318.7525819,192.4763954,ce81ec0f-960e-4f59-9965-3403df41988d,c5dd1d35-38b6-4380-9266-faf93d38b11c, this is comment for performance test on perftest environment  we can see the comments later  for small files for second perf test43
4ca896cc-3413-4102-963a-671e4235326a,193,354.9691007,230.076485,7d877249-149f-47aa-8883-5b92a99fd3dd,f906ca5e-9158-4c40-9fb0-b5e4184f5424, this is comment for performance test on perftest environment  we can see the comments later  for small files for second perf test44
acaa08b1-032d-40a3-b3ad-8a842a0160ab,141,306.5870052,195.6161032,e9ac8789-a9dc-4413-a038-a6e2c6728946,ad1492e8-805e-4f7d-9c59-c49441c4c14b, this is comment for performance test on perftest environment  we can see the comments later  for small files for second perf test45
45106c2e-a549-4641-909a-b998c96ac406,52,314.6897341,154.6475947,4a37660a-d161-4490-bb88-f350609f8fa4,68a7ad24-dbb3-4b84-ad00-562d9242db8e, this is comment for performance test on perftest environment  we can see the comments later  for small files for second perf test46
2875f11a-6fd1-4477-b895-66a8cacaaa17,93,22.26978402,133.1042351,b90aeb38-db9b-4776-bafc-1251ac75a07c,7f4e8776-54d5-4473-9994-83656d327ecb, this is comment for performance test on perftest environment  we can see the comments later  for small files for second perf test47
93cab080-b9ea-4c47-8ff3-76f4d856b70c,121,189.6964623,45.38192968,016aac1d-ab98-4307-9ae4-41f5fc98b46f,c28ac424-e6f2-4a45-a04d-98269b2d52ab, this is comment for performance test on perftest environment  we can see the comments later  for small files for second perf test48
eaed2ce0-2d3d-4a8f-8ca3-f87a5f7e2805,112,459.1808381,146.0322764,af3afe3c-6a5d-4db4-8701-eab8a85ab843,855f394b-ca09-46a5-bc34-b162f4d99a07, this is comment for performance test on perftest environment  we can see the comments later  for small files for second perf test49
fcda455e-f8d5-4a51-83dc-1350de8c6eb4,53,373.1890951,103.5534666,72516a05-98f8-472a-8ff2-7785601db2d5,bc9357f4-8fe3-490c-8078-034ca14a3218, this is comment for performance test on perftest environment  we can see the comments later  for small files for second perf test50
28b81810-9109-4bf3-958c-99aaaba5dedc,170,380.960198,44.8681894,32786a02-ba1a-4d82-9305-3d80ab354cd5,a399e603-7d25-4e74-9a0c-2d70afeffbac, this is comment for performance test on perftest environment  we can see the comments later  for small files for second perf test51
8bfce3a9-a25d-47a2-8d9d-1e5581d9b966,29,158.4156205,268.307287,dfe92c38-1a71-43d1-ad63-860d57f9e021,d29a0c85-8698-4a20-8890-56692a80d940, this is comment for performance test on perftest environment  we can see the comments later  for small files for second perf test52
0ca0ee2b-a173-478d-8153-49821fd3941c,169,491.1530579,47.42384593,2ff9c47e-9002-4bb7-aac3-432f431106cd,22bba3ab-f510-4646-ab8e-c30f23939647, this is comment for performance test on perftest environment  we can see the comments later  for small files for second perf test53
e06358e3-2132-401f-9ce5-155dd04a74ef,160,344.3155845,11.37916129,0f665160-3604-4335-9001-4a90f311ca87,da01d383-fa39-45e5-8873-fd3402aa2c82, this is comment for performance test on perftest environment  we can see the comments later  for small files for second perf test54
b47bcdfb-bf1f-469c-bdc4-3bae98373f0c,194,241.2054625,167.7688425,41b40e7a-4f34-48bb-8ebe-d0113f4d5b6c,c4212268-4386-4d10-a0ad-c057de96aafd, this is comment for performance test on perftest environment  we can see the comments later  for small files for second perf test55
f8cd0c2c-e4d4-4a2b-ae08-f3b99b5b2795,56,49.78668448,23.30693674,375ed4b5-551f-4852-bb8c-fd8cb5f235c7,6e49f197-8bb8-49b3-89b1-a4be42832a9e, this is comment for performance test on perftest environment  we can see the comments later  for small files for second perf test56
97b309ca-9b8f-438f-b986-e737b0ec4bce,124,219.8005321,246.6323573,0db6c255-e3b9-4490-9aba-d3f6f3220eda,670db1a5-7f51-440a-9d42-2d39b5e2ebc0, this is comment for performance test on perftest environment  we can see the comments later  for small files for second perf test57
aacae572-3a2a-45e8-994f-689a71e5b75f,169,197.9022707,204.4625129,81a6c631-a79a-46d1-a8bc-e81003ce32d3,2ddc6871-7943-4f6d-abd6-05441ad9e861, this is comment for performance test on perftest environment  we can see the comments later  for small files for second perf test58
6c8ec81f-4c7b-45c6-a478-f6d0f726746c,68,458.4487119,200.1575297,4ba99889-5f86-44af-841c-572355101fb4,599e1436-dfe6-4e7d-bbe9-fcd1eefeff9a, this is comment for performance test on perftest environment  we can see the comments later  for small files for second perf test59
9a0d51f0-c540-4768-bc97-0e38705a1b7e,37,376.2218154,31.68971424,caab739c-4159-4d49-9f0f-a33cf71d9c31,ece63f56-9d7a-4e6c-9f5d-9523e520f6b9, this is comment for performance test on perftest environment  we can see the comments later  for small files for second perf test60
f87f81ab-fa47-432b-9d9d-5fffb1215baf,82,356.5794739,129.6457645,9148d6fb-885b-43c7-8e50-fb175b6e2ea0,22d30d19-3d59-46fc-b261-bfa0a9feea8c, this is comment for performance test on perftest environment  we can see the comments later  for small files for second perf test61
0c8b001b-4d50-4316-9e45-55161a09f952,40,126.7805229,135.143802,56efda10-57ef-44ea-9de7-b0d33463c197,92a8e610-9654-400d-b06f-a7345f9c93f9, this is comment for performance test on perftest environment  we can see the comments later  for small files for second perf test62
0ac83fa4-cef0-43ea-8a8a-932e70e69632,117,16.8014325,218.7244433,a556078d-daec-4c06-8247-3a5e93eeab5e,ded6da5a-2ed4-429c-a7f7-503cb75a268a, this is comment for performance test on perftest environment  we can see the comments later  for small files for second perf test63
049b5750-7d83-492d-8739-f963ded58d16,27,470.6892434,220.0728799,287e1d17-a8d6-48b1-9a33-9408841752fe,35d4ec86-ea9a-4926-8aae-a779d5e386f3, this is comment for performance test on perftest environment  we can see the comments later  for small files for second perf test64
319d6525-e363-4df2-804e-2ce8b0003b78,179,478.61638,136.3284488,0989a1b3-ceb9-4e01-9b3a-a0a00dec5a84,2ff1f299-e1f0-4826-b53a-0dc4847f87a0, this is comment for performance test on perftest environment  we can see the comments later  for small files for second perf test65
052e5a98-0ccf-4b0f-9587-d121e625e521,19,389.7275916,173.8032758,4e2c13db-4d08-4060-80e0-cce659cc185c,8cbac9f8-2504-43cf-bd60-42112a89ee7f, this is comment for performance test on perftest environment  we can see the comments later  for small files for second perf test66
f51ad2c2-2e39-4b73-a8de-9c7937a107bf,48,311.2407021,280.7020437,f238b9bd-a4da-4176-96c2-d38c6a04eb62,c39f7ccb-682d-4f4d-8747-0c758c58c329, this is comment for performance test on perftest environment  we can see the comments later  for small files for second perf test67
e426d36f-7afd-40b0-8ea7-f8091ad2942f,161,419.0166251,92.19536532,057d2ce7-bfe3-46b9-b4a6-5de26575ac5d,c02e6d74-8766-4e59-b65e-475474656305, this is comment for performance test on perftest environment  we can see the comments later  for small files for second perf test68
e9827f62-0e27-4641-a83e-8e033f80ed72,75,336.2943214,259.5654469,7df5d807-33a2-46da-ba56-79363516ec00,c8de24b3-26b2-4a30-a7ca-e8437b791ebb, this is comment for performance test on perftest environment  we can see the comments later  for small files for second perf test69
5c035abf-e191-4abc-a8e4-e67f6078b8fd,122,9.895014172,14.49145974,42f5e03f-05bc-4e82-a0dc-569f590f1cf2,36e47bd7-75a1-4545-8fb6-6e6fcf32680e, this is comment for performance test on perftest environment  we can see the comments later  for small files for second perf test70
cf7316d1-a4f7-47d3-8232-fa42fe196e54,7,485.3870901,99.47357187,10be1ac8-5e72-41a1-aacd-35a45e619c2b,fc95bf80-629a-4fb9-b80a-1d55fa108917, this is comment for performance test on perftest environment  we can see the comments later  for small files for second perf test71
9f14d72f-a4dd-43be-9f27-a158b12ce780,134,295.5129369,207.0133977,dae30396-d6fa-4a7d-9d65-4d7cdf689a74,0b2c8b65-e9ad-4e54-851a-c42c2ea1c6fd, this is comment for performance test on perftest environment  we can see the comments later  for small files for second perf test72
aabc9c80-0949-4ffe-a7bb-31245d934cf2,157,190.9299134,159.610057,a305189d-c160-4df1-843f-ef7637f51914,61c3d9c5-447b-462a-88a6-9c5c68bca4f9, this is comment for performance test on perftest environment  we can see the comments later  for small files for second perf test73
b4e112c3-c2a1-45ed-a5d9-c966438b64d4,111,189.3590097,59.87802408,30badc3c-bb8f-462a-ab4e-7c7441dbc2b2,716b76d2-4724-41ce-9e05-43ae8c676793, this is comment for performance test on perftest environment  we can see the comments later  for small files for second perf test74
f87d8836-13cf-4e9c-a1d0-1afbf977aaf1,81,269.1228323,264.7564637,e8d8b729-50f2-408d-a7b8-3f168c9e6b91,46cc0d74-2c7e-462c-90cd-c780bcff9853, this is comment for performance test on perftest environment  we can see the comments later  for small files for second perf test75
9e046936-731c-40d4-a9aa-fdc4edee1066,71,310.8412461,146.1381157,c11952d3-2187-4451-be65-a2a0edb56e77,6d789ca8-d701-406b-af9a-33371f4ee485, this is comment for performance test on perftest environment  we can see the comments later  for small files for second perf test76
ec1c5aa4-a5cf-412c-9a45-cc998c28b6d6,60,388.7637688,43.4669721,cabfb4c4-e212-4d77-89f1-e6b8e7f47d54,7303ec42-5f42-43f7-a96f-9fe72ed2c1d5, this is comment for performance test on perftest environment  we can see the comments later  for small files for second perf test77
72f94b05-4787-4b2b-b1ac-28d40b67282d,75,214.9853973,17.94408645,447cf467-e7f1-4b8c-bedc-ae06cb33f64f,f1c8c936-7042-4978-a9aa-81e484b0d69e, this is comment for performance test on perftest environment  we can see the comments later  for small files for second perf test78
93abfb73-6c1e-4a5f-b23d-29fd1e5023f3,199,358.4544215,211.6363856,a275a14a-af61-48df-b811-07f8b8ae6c9e,d5e0d9ce-944c-4510-a44c-dd786567bc13, this is comment for performance test on perftest environment  we can see the comments later  for small files for second perf test79
cbd96edd-1779-444a-9f3f-8b9d5f2f7d31,189,294.0634388,121.936638,e67c1057-437b-4550-b948-7300a8b77451,0537cffe-cea3-4618-b171-4bcee6339d3d, this is comment for performance test on perftest environment  we can see the comments later  for small files for second perf test80
74d61c42-6b0b-4d95-abcc-99cc1c08a19d,43,186.5687541,81.31108317,f7f38f87-5575-47ab-af78-1581157e8234,683df86f-d0f2-4a96-941a-a26118cafa0d, this is comment for performance test on perftest environment  we can see the comments later  for small files for second perf test81
b39582fc-23f3-4605-a43f-9a986daf1768,15,467.2269192,87.66710768,0aafa6f8-f3a4-40be-a61e-6c34b5051bfd,ebc7616e-0032-422b-8e71-5fd766d7d6fa, this is comment for performance test on perftest environment  we can see the comments later  for small files for second perf test82
54d3e68e-dcf7-4247-8c63-9411b5b469d6,9,25.04330588,128.9577597,05e71b36-df43-456a-829a-3ab221cd7ecb,19803b09-9625-4942-9fde-bcfee5e4da0d, this is comment for performance test on perftest environment  we can see the comments later  for small files for second perf test83
1ae18abe-bfa0-4c87-a652-ca5a62002b6d,184,415.6405923,274.0046823,34336f56-0c02-448b-b091-e9d96f991b5c,24b9dae8-9679-439e-af3d-1f283ff927af, this is comment for performance test on perftest environment  we can see the comments later  for small files for second perf test84
89402776-12b3-46f3-87a8-70c9d4962b8a,166,450.137822,257.2349974,63d753d1-d0fa-4ef5-a948-bf38d4601d11,f10b7502-11ec-48e8-b9f0-c721264a9aa2, this is comment for performance test on perftest environment  we can see the comments later  for small files for second perf test85
f2c7ffc5-03a7-4150-a033-7ef85a25ef10,81,401.7718385,133.8967489,854f7f45-69b8-4303-81e3-4a9e1c6df972,cb5a4302-ce45-48a1-883b-ed719280c120, this is comment for performance test on perftest environment  we can see the comments later  for small files for second perf test86
beddc6f0-051a-4a96-8533-56629661f994,29,334.7230455,136.9322338,6c0011c2-c7bf-499c-945c-e48dc4ef50bf,bd574040-072d-4777-9b2d-556b51c00473, this is comment for performance test on perftest environment  we can see the comments later  for small files for second perf test87
8f9ac0ee-6025-4ed4-afc8-3c71783f3e7b,128,214.9116012,226.2305952,af95e704-a0fc-4f80-bf04-768a0b461155,cd958b7a-f246-4f4f-b12a-96d81c06a1eb, this is comment for performance test on perftest environment  we can see the comments later  for small files for second perf test88
942a78d1-d45d-41cc-8419-52121cf3cb15,51,249.7449228,180.0364087,89151e45-e9e6-45fc-9e16-bab8cf7355f2,b6c566ce-5ba8-40f0-825b-0c78220df972, this is comment for performance test on perftest environment  we can see the comments later  for small files for second perf test89
47e87a1e-34f7-4002-94bc-1acd22c4c510,19,54.13845428,152.6942608,8d20b9fb-92fc-4246-994b-b2407cd55636,252e2134-bdf4-4b38-8e68-4a52daeb3ffe, this is comment for performance test on perftest environment  we can see the comments later  for small files for second perf test90
945e34e6-2da3-4f38-83eb-77d3b2be93b9,106,93.09052846,156.3071067,521ab06c-3c49-4355-84f1-f8dbd24761ae,431b34c3-58f7-4e8b-ad9e-2349159eb42e, this is comment for performance test on perftest environment  we can see the comments later  for small files for second perf test91
67a78fc8-1482-4b7a-9642-518b46585f89,39,324.1856442,129.30739,9f271d8f-c3b3-4f61-9121-5e3be585c386,30bedcb7-0512-41ab-a3b7-d0b81329f35b, this is comment for performance test on perftest environment  we can see the comments later  for small files for second perf test92
1937de9c-d424-4341-bd40-d05f9dc81142,197,76.37975608,11.29926838,c607e9b9-ba3f-4549-8636-beb1cff5be85,ff90aadf-d32b-4c47-a731-cbf2faf8b8a8, this is comment for performance test on perftest environment  we can see the comments later  for small files for second perf test93
c092076c-023f-4e1e-8369-53f3c433d236,78,219.3608289,207.6072573,5bae4450-81ef-44c9-a577-2e313c7f023e,70e77a9a-35c6-4276-9acb-3a302c1c172c, this is comment for performance test on perftest environment  we can see the comments later  for small files for second perf test94
b0e72eef-1f4c-4c5e-a8ce-830864b9d265,105,421.903709,137.0409243,32d47d62-e44c-4b3e-88a2-f4b87ee72504,5366e7c2-289d-4328-8671-72d736df7614, this is comment for performance test on perftest environment  we can see the comments later  for small files for second perf test95
9c147a22-a11e-4330-842e-4699d99e7488,173,282.0722117,94.31100034,c713bc24-1fa7-4917-9640-80bcd76b7dcc,de76106e-44b9-4949-8b9b-337473d0e6f4, this is comment for performance test on perftest environment  we can see the comments later  for small files for second perf test96
dd23080f-8b4a-48a6-b7c7-7f8280448315,142,399.1389655,2.69080504,dc1829ed-bbca-4ce9-b092-4116adba63a7,34206fa7-93f2-4b37-8d05-538efa1b04ec, this is comment for performance test on perftest environment  we can see the comments later  for small files for second perf test97
7b8897a2-3e0a-4534-9c0e-f299df2293ab,146,482.8370091,274.6758159,9f0457c9-0ab2-4488-be9d-e56e36c3578b,0e0f851b-ee19-433a-b14b-5918e75f8304, this is comment for performance test on perftest environment  we can see the comments later  for small files for second perf test98
5a6c9d9b-93a2-48eb-9eff-b61e5e802362,62,202.5375661,113.1643108,7325759f-cb39-4230-afef-47704c7ecb1b,98ee30ca-b99e-455a-bdab-af5cb2fc41fc, this is comment for performance test on perftest environment  we can see the comments later  for small files for second perf test99
bbb8f7df-7add-465a-a5d9-eb28f3b1a07e,101,1.036125438,231.8498321,a34fbd2b-029b-47c7-95de-5eebd7cb413a,6435d61a-d237-4df5-a172-6ea5ffbf5dac, this is comment for performance test on perftest environment  we can see the comments later  for small files for second perf test100
85117c09-8178-4151-9e00-abf9087e8f59,138,77.61357136,72.18932689,4d435e6a-56ed-4885-bb83-646adcc27771,1f99fd22-0926-4cb8-b957-a12e1cdd1cbf, this is comment for performance test on perftest environment  we can see the comments later  for small files for second perf test101
11163b36-3178-478d-b3dd-901826fbf478,64,224.2115588,169.4151648,1567baef-761a-4a7a-b7d2-76b4938d0564,1dd17ff0-25f6-4e6a-a5f4-98d4c6e12f46, this is comment for performance test on perftest environment  we can see the comments later  for small files for second perf test102
8aff96fa-6488-47ab-af83-4a300e7aa32b,159,2.144704534,202.3591935,0abc6bb7-86b2-407d-b281-c9419abcaf43,05a7c9cc-598b-4510-b42b-b2e10a798208, this is comment for performance test on perftest environment  we can see the comments later  for small files for second perf test103
f93a6a02-12b6-4084-b0e8-8c6a0b3bd068,183,298.4028383,148.3023398,b31c4256-5c2c-406d-8ac2-2da0522bfbb4,de01e5ad-ad85-4c5c-8e28-cb10932a023d, this is comment for performance test on perftest environment  we can see the comments later  for small files for second perf test104
37ff1c03-a9a9-44bb-9a0e-3b2a4c77ce97,42,233.444305,89.87577569,cc0274ba-08f6-48f4-8156-5f2e3e60cc33,99727a06-0dde-4825-b8a8-659d613c627b, this is comment for performance test on perftest environment  we can see the comments later  for small files for second perf test105
6dc84a46-8b86-46e5-893e-42e419d39f44,200,83.8402931,242.5945129,2178eb8b-cf54-41b2-9ed9-153b736bbacd,7b6c20c9-db88-453f-86e0-2212086d83e8, this is comment for performance test on perftest environment  we can see the comments later  for small files for second perf test106
fb6a76ac-1f67-4998-99a3-8092dea9942b,3,24.43655129,73.77030066,26524103-5d2b-4179-acf9-3041c62fc212,0b9e6a9e-fed7-4b20-8247-f295253ee8f1, this is comment for performance test on perftest environment  we can see the comments later  for small files for second perf test107
f5ad28e5-4ea2-44ad-bb98-1a640d1ed0b4,50,416.1527788,15.7959524,0b8a56eb-7cdd-4825-b3e1-445eb8167c78,ef1b6733-2b09-49e0-a148-f35e789a5e8e, this is comment for performance test on perftest environment  we can see the comments later  for small files for second perf test108
69549df6-0924-4bd2-94f1-5cc6626c6b7d,24,72.42379055,287.9648891,9ecbd78e-1db0-4b52-95f2-a8f27f762cc8,f9ad9308-a115-4aaf-aaab-095e79b98d2a, this is comment for performance test on perftest environment  we can see the comments later  for small files for second perf test109
d699204c-f355-4aca-8a3c-97683e400285,140,170.9355295,23.33052145,f27563ed-9b58-4eb3-a6ee-bcecd346acff,11805b3a-7f11-4363-ad1f-8dee24bd5191, this is comment for performance test on perftest environment  we can see the comments later  for small files for second perf test110
9cfa9f6a-09d1-4b09-92b5-39ddf7d67bf3,179,100.1454295,65.6681461,1571f432-18aa-493e-9113-23fa22fb1cb0,9a876ae0-386d-4f21-bcc4-61990c62ce53, this is comment for performance test on perftest environment  we can see the comments later  for small files for second perf test111
b371e3c5-1044-444a-9bf3-617452c28887,139,142.83194,225.84269,e7e264fa-be92-4a7c-b12a-6634a3839423,2aacc4d1-0c68-456e-bb1a-42907aca53e0, this is comment for performance test on perftest environment  we can see the comments later  for small files for second perf test112
1a91cd4f-d74e-4858-93c7-9ff0480502f9,108,332.6061346,56.91990351,7ec90fbe-368a-4a87-b482-0a8553cbb692,b0fa509c-d6b6-4f9a-89f8-630f2ba4aed1, this is comment for performance test on perftest environment  we can see the comments later  for small files for second perf test113
b9645a0b-ac57-4271-a451-7df583ec059a,5,3.916347787,57.83849176,9212dcce-9eff-4a40-8a9f-f9bd7093666d,8e32080c-b679-4366-84fc-9ffec5338bdb, this is comment for performance test on perftest environment  we can see the comments later  for small files for second perf test114
65429d94-2c1a-450a-b320-062b8a68280a,196,252.2475976,45.81331196,32f4285a-5af5-4594-b0b8-f77fa5260362,0013721a-9911-4b60-9685-9ba5fc99707e, this is comment for performance test on perftest environment  we can see the comments later  for small files for second perf test115
cc763484-71ac-4b26-bcac-1e9399af003c,145,10.76869878,257.9332093,ca49a79b-5661-4dcd-bd5c-ce45f6ac2398,df821064-4cdf-40b0-839c-30947e2c6b19, this is comment for performance test on perftest environment  we can see the comments later  for small files for second perf test116
0f7d705d-1846-4e91-a791-3786b05858b6,152,14.84208074,139.7875775,dc641e5d-b7ff-473d-abb9-b892f8ebe544,28980c16-4d4e-4f78-90b1-5f2f4303289b, this is comment for performance test on perftest environment  we can see the comments later  for small files for second perf test117
f3f9b250-cf2f-42c3-a33e-29e3edee7c7a,68,306.7887818,40.13322813,d877deb5-655c-4b90-a1d9-a8a2308f5448,b4745cb6-a35e-4c3f-a688-85d8743feaad, this is comment for performance test on perftest environment  we can see the comments later  for small files for second perf test118
9664e0bf-a5aa-42d3-946a-202f732339a4,87,437.9216576,71.72711058,b3417d81-96d8-4846-8881-a47a49bb8ff1,1b1cc7f7-9aeb-475a-ab0a-313d982880e3, this is comment for performance test on perftest environment  we can see the comments later  for small files for second perf test119
eeeb0b8f-a594-4485-83b2-40dacc7aba0e,121,73.52578688,143.9029261,5602c42c-8675-48f9-9414-fdc5edfa1fe5,63762732-d30e-4a4c-a344-b8f9887dea64, this is comment for performance test on perftest environment  we can see the comments later  for small files for second perf test120
60d8d132-a379-490a-be4c-c5e576edeeb6,48,329.989302,290.3083949,b817d726-7f14-40a7-830b-a09845226cb6,9ea97cd9-3749-40b8-b58d-851312195d92, this is comment for performance test on perftest environment  we can see the comments later  for small files for second perf test121
69ff891f-c70a-46ad-a06c-95811f974db8,197,340.5568718,157.046063,f9f472f0-7415-4723-8af8-12f09c89a34c,2b84900f-db5b-4b64-81ce-f70d25884a28, this is comment for performance test on perftest environment  we can see the comments later  for small files for second perf test122
5be2da58-22cc-40bf-9871-2353f927ffbf,169,182.9864171,125.5544306,422f5781-6102-4686-8ec4-f9c8debf751b,4c959bc0-d262-4917-a744-b34dd263cb20, this is comment for performance test on perftest environment  we can see the comments later  for small files for second perf test123
5363efb7-2e73-4f67-b865-08a9d3bf111b,27,472.1290774,186.5205288,3db10a05-e580-4a42-9eed-caafe80392e3,9cb505c3-152b-4a13-a7b1-e0e93b0d2d00, this is comment for performance test on perftest environment  we can see the comments later  for small files for second perf test124
9dd8bbeb-5aa0-4fb0-a427-36839434af35,68,371.754991,116.899673,a410111d-c63f-4511-8ab2-9e808d034575,03058739-97cb-4bce-80d4-515837297ebb, this is comment for performance test on perftest environment  we can see the comments later  for small files for second perf test125
a5af728d-1c57-4dd4-b45a-98420aded477,155,425.7161823,174.1234363,89acb99c-b783-4001-b013-213f23bc8fcf,5216b4cf-648d-4c57-ac0a-3ab59beab9a7, this is comment for performance test on perftest environment  we can see the comments later  for small files for second perf test126
d45885e9-d068-468f-8c97-812fa749dc8f,93,485.2067014,168.8097376,5a410c8b-8294-4d8c-9404-74959192d846,f4392a48-1da7-4a40-96e0-1c43bb2d0863, this is comment for performance test on perftest environment  we can see the comments later  for small files for second perf test127
45838e7e-4a54-4282-8bc6-d12e8fdfdebf,8,374.1033803,96.51095903,bbf9618e-7357-4a22-aacc-6ab9cccb16b7,6432dc39-cce6-447b-abbe-e0287e32743f, this is comment for performance test on perftest environment  we can see the comments later  for small files for second perf test128
2f69229b-c375-4e7e-b88f-9713ca58d117,144,395.7095258,194.2774139,ba0f4fdf-a294-478b-871f-e2c413fdb75d,d8349f07-9b13-4093-801b-0375530d77be, this is comment for performance test on perftest environment  we can see the comments later  for small files for second perf test129
cc8ec7ac-4c03-4814-8077-61ea638a62b5,191,210.8072317,171.2969476,e81cfb7a-13e5-4de4-b3bb-9a3515ffa433,8fc114f7-741e-4f17-af68-340d0cfa940d, this is comment for performance test on perftest environment  we can see the comments later  for small files for second perf test130
547aa671-71cf-4dc4-95af-37a583406b3d,10,70.37521941,286.028058,e4d48924-f11f-4830-a9d5-134991d67d66,be742c6e-1d3d-42c5-8d8e-db9a8989271b, this is comment for performance test on perftest environment  we can see the comments later  for small files for second perf test131
d3c0d431-59db-4b27-a285-e64b5f04f984,25,416.7087364,46.11151682,4febaca3-8970-47ab-99cf-7cf334f7f4e5,243fa9b9-c839-4b13-ab22-1311df0028d9, this is comment for performance test on perftest environment  we can see the comments later  for small files for second perf test132
a1f0fd25-59f0-4381-8ba6-a1289a649f3d,4,253.467225,187.2754623,d3969e1d-84f5-4ff4-bb1a-71d6424882fa,e8d851ba-f9b4-4928-bd09-ada420fe4bb7, this is comment for performance test on perftest environment  we can see the comments later  for small files for second perf test133
834b7808-b0c4-4bf5-8f72-d1a95d84fecd,105,62.80700766,197.6637459,00a549f8-8bfb-46df-b6c0-1150f0d21a9d,99c7c736-abf2-4073-8f85-d9d98e0fbb20, this is comment for performance test on perftest environment  we can see the comments later  for small files for second perf test134
37b5f822-1af0-435f-8e9f-5878928fb7f2,134,339.4730546,63.19776581,5666799e-0254-4ede-b57f-6933999d10a9,76ac3e49-4250-4390-bf14-48b488c17b06, this is comment for performance test on perftest environment  we can see the comments later  for small files for second perf test135
962969c3-1510-4c08-894d-d8be7bae2d3d,156,5.008862361,299.2716555,0de64d9f-93c2-4fd3-aef1-87190e7a15c5,c1f72103-8574-4c15-ac0b-f59907cd0630, this is comment for performance test on perftest environment  we can see the comments later  for small files for second perf test136
99c9b116-3685-4d33-82f5-b3602b2b1627,78,496.3622853,97.33884113,fef5e1f7-bc00-43a7-b102-c81860323bb9,4fd26804-97c9-4be5-996a-fd570194be70, this is comment for performance test on perftest environment  we can see the comments later  for small files for second perf test137
5603f1cb-b6c3-4138-9dab-53fdc36597a4,60,197.8125387,153.2905575,de40f0fb-4252-4cab-8366-088ccc3e46ef,2c463a5b-3f1b-48ad-b1e5-cd88ea0f1d62, this is comment for performance test on perftest environment  we can see the comments later  for small files for second perf test138
aac27210-38e8-42fa-99a4-7cc05b338037,58,146.4810536,176.8329527,fe1db725-2621-41ce-bd2d-dbf360d466a5,0d49fbe6-c2c1-4d96-9551-16e8011daabf, this is comment for performance test on perftest environment  we can see the comments later  for small files for second perf test139
f2bc0b44-7945-4d3e-8b77-0b20f107cfcb,49,206.5167906,168.7436595,6a87885f-5d06-45cd-91d5-c1a2d9316b11,ef270893-21da-45b0-a8f5-248507abf742, this is comment for performance test on perftest environment  we can see the comments later  for small files for second perf test140
9a7308e4-09ca-46b5-92fd-40481a42cd46,94,425.1547667,111.210776,25fe0ab0-2c26-42e5-bb14-4ae7508f1000,22809476-fc8b-475f-9127-c1ff15b6e331, this is comment for performance test on perftest environment  we can see the comments later  for small files for second perf test141
803ab220-e564-42bb-a925-694cd34b1606,167,335.021346,22.65373891,67479f8a-1ce6-4086-99c8-b84f9099d726,3aef9f03-81d1-4022-adbf-e1799936c730, this is comment for performance test on perftest environment  we can see the comments later  for small files for second perf test142
6668a4c2-18c6-4a46-8e51-7d4bc76554ce,22,394.5586219,52.64821872,f172cd51-ef70-4bf0-9104-e128fff91fb0,00517c70-dacf-4f98-9e60-119ec6aae094, this is comment for performance test on perftest environment  we can see the comments later  for small files for second perf test143
aee24b52-0c74-4c13-bb2c-de9344510a02,194,47.15087597,268.5729989,cacbb9be-5aa1-46e8-a6dd-d3323a60faa5,62d3f507-db3c-4bc0-8af2-d5ea5b0a4812, this is comment for performance test on perftest environment  we can see the comments later  for small files for second perf test144
c8b469cc-f0f8-4e76-a0b9-76a1810ea297,130,421.3838339,203.5010713,87b7babf-fcc7-46eb-ae7c-8f2ccf90ebd2,71dd382e-c3c7-45e7-b68e-c334fda03737, this is comment for performance test on perftest environment  we can see the comments later  for small files for second perf test145
247ee1b5-b045-4058-bfac-acb0ce6dacf3,191,243.4391803,179.1519743,aad42c45-0c6e-4e92-9b28-497cbe7b7d00,bdda8e56-9bcf-48dd-9662-a38ec3963def, this is comment for performance test on perftest environment  we can see the comments later  for small files for second perf test146
40697c42-7842-40ae-9056-5d68d5f78eb0,35,333.3261896,289.0294861,34bbc24f-c7ae-46ff-812f-432e3691868d,5ae48619-49ed-4ee0-a25a-358b61669c25, this is comment for performance test on perftest environment  we can see the comments later  for small files for second perf test147
61bbc258-b04e-40e0-9241-aba07d1623a2,23,248.0979005,276.8841612,17efcd1a-f504-4c52-9700-f3b897f7947a,ecf89b8c-56ab-4c17-9426-d380b6d7eca5, this is comment for performance test on perftest environment  we can see the comments later  for small files for second perf test148
1adce852-3efe-46cc-b022-fce27a0dabd2,132,251.9422964,120.1164661,22732c8f-01b5-475f-bda0-dba35ac48178,86070f16-c080-48f2-baf6-1d93ac10be0c, this is comment for performance test on perftest environment  we can see the comments later  for small files for second perf test149
194fc267-121b-42f8-a7ff-8a16991560d0,123,59.04658263,53.0775504,dc740541-1979-401f-8ac6-173ee55cb4af,f2ffcd58-4f15-41b5-b673-e4ee09597dfb, this is comment for performance test on perftest environment  we can see the comments later  for small files for second perf test150
d6c22fb6-1150-4515-bd77-87855f152fe5,16,381.8821815,29.84966438,4593a839-651d-4eef-bc09-17adf1671eff,a1c09c2b-838e-4a7f-92cb-6e4addf049ed, this is comment for performance test on perftest environment  we can see the comments later  for small files for second perf test151
ab3cab8a-833b-4c92-b6f4-096006c65462,100,349.9179728,298.3691833,cfcda718-a3fb-467a-a600-aa3e8ddbcc4e,b33b22d5-3014-4c21-a3c7-7fa0b3e9c626, this is comment for performance test on perftest environment  we can see the comments later  for small files for second perf test152
722b20d9-28b2-4002-8100-6e90dd75a823,122,191.2785987,247.9514778,a39125cd-5823-4bbe-804f-974fadf71d6c,0b4c99e3-ae6e-49eb-98ba-bc976c89c953, this is comment for performance test on perftest environment  we can see the comments later  for small files for second perf test153
54f7412c-af7f-4234-90f4-0a0540b8fcd6,149,180.3311236,6.506225905,a6ad0d50-d82a-4370-8b2d-3f76224b8102,9d029f6b-6c47-4f7a-bbe1-ef713b7e87ba, this is comment for performance test on perftest environment  we can see the comments later  for small files for second perf test154
398ce7a1-1d44-4639-8e15-0e971bf39854,166,290.9546379,213.6587326,31af4725-f06e-48e5-ac32-d9d74baacd4b,eec92d47-60c8-417c-9a9b-8c278070cc47, this is comment for performance test on perftest environment  we can see the comments later  for small files for second perf test155
fbaee70f-aa76-47dd-87ae-cbd28963eb84,56,248.8393737,118.522964,6ab50599-33cd-4d19-a17f-e829501e79bf,68eb7aed-1c4e-4240-8fed-e0f9344eb5c1, this is comment for performance test on perftest environment  we can see the comments later  for small files for second perf test156
f2847bb7-8ba3-4cf0-90b1-88fd5d3b3145,129,255.3393084,257.7812813,f6de75f8-f184-4b7e-ab3f-45553f16ac6f,9ad51ffc-f4e4-4aa7-9dff-54f746f26953, this is comment for performance test on perftest environment  we can see the comments later  for small files for second perf test157
c906b30c-89c0-4fc7-a01c-5a21fab80aa6,130,402.1434248,287.7650335,c477d37b-b3e2-44a9-8e4b-d9cfeeafed8c,13d53617-52a1-4f85-8535-a892aa7815b5, this is comment for performance test on perftest environment  we can see the comments later  for small files for second perf test158
25b87e7f-60fa-4fc1-b481-d4f942cccfd5,113,493.2322962,221.8830089,494b5644-cf74-487d-a4f6-65adf9129321,90d095a2-c333-4185-98d5-3c2b3b2190c1, this is comment for performance test on perftest environment  we can see the comments later  for small files for second perf test159
ac14c6c2-d1b1-491d-b3d3-56967c1eaaef,173,420.6797891,272.4312327,968834bb-6057-42a3-92d7-6cdef3759098,5462258a-b2cd-49d8-9dd9-d16755b44cd1, this is comment for performance test on perftest environment  we can see the comments later  for small files for second perf test160
a8cfd7e8-7bcb-4b7d-af55-70ae998e4161,187,87.94750129,291.9661593,b8ff78ee-0035-4305-aa0b-0a4ae912bcb1,8280fdf3-5cdd-4e1f-9c7a-c09d2bd95c97, this is comment for performance test on perftest environment  we can see the comments later  for small files for second perf test161
42fca58a-e7ae-47d7-96bf-71fcd81804f5,172,221.7604577,245.4615132,2517e769-9ae5-4d94-b7da-14a07dd86848,ec0717c1-c8f0-4433-9172-e72c602e1ecd, this is comment for performance test on perftest environment  we can see the comments later  for small files for second perf test162
5dd832ba-efed-46d9-b871-0465f9be939e,21,73.43955613,297.3989888,f5255d0d-c4e5-46ce-ba61-421ad9d4c040,87f5a3e0-7a3f-41a7-b9df-0db8c7a8c746, this is comment for performance test on perftest environment  we can see the comments later  for small files for second perf test163
f7074c8e-ecde-4053-813d-5bc292092955,193,30.19357049,209.8035741,80a23a24-eaab-4d52-90bf-e7becd3c8778,e810dac1-56cd-426f-bc5e-f56e9636c371, this is comment for performance test on perftest environment  we can see the comments later  for small files for second perf test164
722c663b-2845-4635-9e46-2128898e9db7,117,83.76909564,56.36990474,1960d045-6035-467b-a0b6-cb58b2e394f6,ccf0c4d9-4408-48df-8ee6-b0d71c828313, this is comment for performance test on perftest environment  we can see the comments later  for small files for second perf test165
af73e260-e3e8-484f-9f63-6c980632d60b,80,446.840745,267.50717,4cc7660c-3888-4d6e-93d9-b208fd19637e,9113a2b9-5dbd-485d-94e5-6dd54811011c, this is comment for performance test on perftest environment  we can see the comments later  for small files for second perf test166
0a6cbd50-3445-40c9-a86d-2cc558ded0e5,99,419.1140683,106.702641,8c36f213-696f-4e7a-8dfe-f9585964d914,0c0bb435-6b41-4973-97e1-dd915717694b, this is comment for performance test on perftest environment  we can see the comments later  for small files for second perf test167
2c1b9bc5-fbad-4faa-b8c8-e435bfc44d9b,184,217.8830296,24.9557728,70f05880-2d51-47ad-8bdb-ef0c42ed03fc,6b5302d0-4be8-4260-b492-7bb3f55203be, this is comment for performance test on perftest environment  we can see the comments later  for small files for second perf test168
3510ed1a-fec0-4f4b-99ce-d818d250cea5,48,172.3514155,166.8126722,76d923ad-abaf-4f67-8c18-f02cc13e7b73,e85cae45-e564-4a5e-a848-0de62b1c3714, this is comment for performance test on perftest environment  we can see the comments later  for small files for second perf test169
bb35a915-2c7b-4cd8-b6ad-b2a5907b8955,168,352.6314724,274.1419917,4a66723f-8f24-48b5-9dbd-625534deda37,9e8472b6-28ef-4019-bf86-c3ff935f02c4, this is comment for performance test on perftest environment  we can see the comments later  for small files for second perf test170
43a09974-0696-47ae-836e-e45e969d5870,118,289.315489,173.8753591,1f24dde0-8f60-4b86-8d52-26b3094f3de9,7a57ed88-ad7b-4a2e-85fc-d7fda8e9eff7, this is comment for performance test on perftest environment  we can see the comments later  for small files for second perf test171
e2bc7dcb-6752-42f4-93e0-8bb712329f56,36,122.4249654,35.58243316,02b78ff6-e8e6-4594-bd10-ea7fc5c22be3,176d81bf-4002-4f31-8501-b68fa4c4fed7, this is comment for performance test on perftest environment  we can see the comments later  for small files for second perf test172
d21388a9-e477-4599-a469-ccf7f16d39d6,145,324.9253299,294.4216991,c1e04782-7e9e-417d-87e8-8557ff03faf5,3b298921-2fc2-4457-869f-4e4d679ea638, this is comment for performance test on perftest environment  we can see the comments later  for small files for second perf test173
732bdf2f-3dbd-4711-bf7d-007e06c24150,177,175.3387672,235.6663825,9e8bb7fe-e708-4444-84fc-77d9d073c7bb,6357ce0b-b8c6-44e0-a8d9-a8650cc8a4fb, this is comment for performance test on perftest environment  we can see the comments later  for small files for second perf test174
07fce0ea-e2dc-49c1-9a4b-50fdca9334c0,164,261.6381363,122.6534187,42fc314d-564b-4d6e-bd3d-9b38aa621d46,a8534263-8297-4393-a275-8b2c7a3e182c, this is comment for performance test on perftest environment  we can see the comments later  for small files for second perf test175
0223b1cb-ac23-4435-be1e-36e30fd7416b,14,134.851962,137.4225491,c94a7c3c-73a4-446b-993f-1c0a7cb2f7c4,9b78f012-4fb6-468e-9082-d7eb284d10f5, this is comment for performance test on perftest environment  we can see the comments later  for small files for second perf test176
1f9d9491-3598-4d8f-8c89-7cef7dc2770a,174,279.7442252,251.4112033,4ee749dd-1ca0-40df-a494-95fba757de23,35df1689-7163-46ef-af77-32f9f03fa28d, this is comment for performance test on perftest environment  we can see the comments later  for small files for second perf test177
5678d714-220a-4f7c-b8b6-14a1422f978d,157,189.9977008,205.410719,6e0d01a9-fc5b-4b2d-b440-489de96e424a,7e098632-a945-45c6-9ba5-2411573d205d, this is comment for performance test on perftest environment  we can see the comments later  for small files for second perf test178
75f8ffcd-a4d5-41a2-8b9b-65cf5fa74331,124,287.920194,24.13810181,ec27c004-40d6-4348-96e3-aaf80070e370,8f26b0f4-699b-4d99-a59b-7c0afe74c996, this is comment for performance test on perftest environment  we can see the comments later  for small files for second perf test179
a27b8bfa-e239-4424-b970-8c9bf2ae0b93,2,490.4912858,133.3073143,23346f85-4b35-4396-a80d-94853b64f2ee,3a61dc8e-03ac-45b9-9a6b-b0111d92284d, this is comment for performance test on perftest environment  we can see the comments later  for small files for second perf test180
b574536b-145c-4823-a037-0daf40c90890,31,212.6902118,259.115833,6d9e1763-7bc9-43c1-81be-7a1848694599,03c5a072-6303-433b-95b2-a2ba0d6c9af7, this is comment for performance test on perftest environment  we can see the comments later  for small files for second perf test181
8b625c28-e0bb-425d-8473-594d9bbc8e4f,90,4.479783215,56.4223133,7899c6a4-2c4d-4fca-815e-83046ebe5f7b,73048b6a-29d8-4f65-84b1-ef272a7a441c, this is comment for performance test on perftest environment  we can see the comments later  for small files for second perf test182
0bfcf3c1-7c84-4508-9f59-7ffe35b4f051,184,405.9363058,62.03921013,604aefaa-afcf-4d6b-ac63-36bd0257e825,f100391f-e0e2-4b33-b97d-2bab8cfa9d28, this is comment for performance test on perftest environment  we can see the comments later  for small files for second perf test183
cccb1742-55b2-4339-822a-de019d7aaf75,167,86.4024723,34.59141503,3152f80e-22ff-454f-aa56-afc682f2e14a,08dfc218-42a9-4093-9b12-828e0e2b7d40, this is comment for performance test on perftest environment  we can see the comments later  for small files for second perf test184
378f3f5a-23a8-4147-a8f1-44dc676acc56,193,107.7098509,43.51999727,505912a8-a57b-4172-bf87-cfeb2eaae28f,dfd0b26c-eb86-49ab-86e3-7cd69e460244, this is comment for performance test on perftest environment  we can see the comments later  for small files for second perf test185
07956578-dcdb-4d2e-a98a-c3e1f1d7ea35,151,6.45120407,186.4234549,cb7e15bb-fd35-4be6-9595-026d1d5711b2,b0fab0cf-23b0-4492-97a4-c37c74336923, this is comment for performance test on perftest environment  we can see the comments later  for small files for second perf test186
5a8d44cf-33c3-47ba-8d7d-1a09330da6f5,7,18.13016666,294.8252149,403e33f2-e15d-4ae3-8139-bc6f7d4c8179,f5bea749-11e6-4445-92d9-357fa69e69d3, this is comment for performance test on perftest environment  we can see the comments later  for small files for second perf test187
b46a3336-029d-49c7-9c80-da8d9402605b,187,365.6679576,160.6054746,7fff60f5-c428-47cf-8f12-9a88e478c94a,e50878c9-3e84-45bf-b43c-028667d59d9a, this is comment for performance test on perftest environment  we can see the comments later  for small files for second perf test188
f892001b-f4e1-4932-9957-5788d644fee7,119,406.3489086,210.0683352,ff512081-cf18-4ef6-b33d-f559eca1705d,48265f57-684b-4be0-86c8-1b140fbc18a4, this is comment for performance test on perftest environment  we can see the comments later  for small files for second perf test189
f0d86068-05b5-44ba-9ca8-7935b3e2c7fc,107,127.1459271,9.793746134,d0389754-10b1-4026-9bdf-852e3b197185,84a0d50c-1abf-41b1-be7e-c0634e47a351, this is comment for performance test on perftest environment  we can see the comments later  for small files for second perf test190
978f7579-ee72-47de-b99d-22bca555f4d1,12,59.08812684,114.758514,3bad600e-1caf-492a-8b61-ef4dda37c110,cfc2b1cd-2639-49e7-a962-26e82a3c54f1, this is comment for performance test on perftest environment  we can see the comments later  for small files for second perf test191
fe9f0bbf-6655-4b4a-b3e5-7045d1639bdb,155,235.3793572,217.5292974,1d2ad620-1660-43b3-b165-abd4b6739213,2034d5aa-e698-4e63-9288-277dbb424a0e, this is comment for performance test on perftest environment  we can see the comments later  for small files for second perf test192
e15c4840-b07a-4b89-ac12-45fa3518f2d5,40,137.237563,59.2105497,820b7719-a294-4553-a7c6-16699685d89e,3da45ce1-354b-48dd-aa41-1217a6ea2c87, this is comment for performance test on perftest environment  we can see the comments later  for small files for second perf test193
b9ff554f-215d-4be1-8279-3a1b1195a515,80,234.7436707,287.653852,c0afbc2c-c338-43f8-9209-57c90e578957,62be5e6e-e52e-4f47-87e5-1eb242d01075, this is comment for performance test on perftest environment  we can see the comments later  for small files for second perf test194
6eb51b21-1d99-43bd-8676-f887aafb8044,62,330.9743908,177.5250696,5cfd9ad7-fbd1-4e62-8856-19c7820f701f,cf7bbdf7-d134-4612-95b9-bed29ab5eef5, this is comment for performance test on perftest environment  we can see the comments later  for small files for second perf test195
94ea8a49-662e-49f5-b580-5737c1f49b65,98,282.525454,121.9721267,d751022c-320f-43af-9ba8-c013a5713032,21a283fc-3dc7-4bcf-a426-596abc8b6263, this is comment for performance test on perftest environment  we can see the comments later  for small files for second perf test196
28d658ee-f8e1-4444-a7df-7f48b2308f86,86,144.8344145,216.9268467,a02a6fb3-ae00-4aa1-ba83-99b3733fb1d7,b8160fcb-c9f0-4575-b090-c6d1a6339c03, this is comment for performance test on perftest environment  we can see the comments later  for small files for second perf test197
5cfff2cd-02ed-4532-84a8-0ba63131c755,123,40.94333222,157.5772684,951f405c-fa1d-4262-9067-40f9dc8652a9,a7e5c752-0894-471e-91ef-805db793b444, this is comment for performance test on perftest environment  we can see the comments later  for small files for second perf test198
bf1174f9-6cae-4daf-b735-e1e71cc5aa9f,164,290.542902,103.0228996,e8abfad1-21a3-4a60-830a-9fecaf3f5913,c76e1375-aec3-404b-ac0a-3c7a386383e5, this is comment for performance test on perftest environment  we can see the comments later  for small files for second perf test199
b82ab6fa-3dac-4ea6-bc9f-7f841897b666,54,21.22597661,246.5578418,0bd5bb8b-e94e-4020-937e-e8128ec5e467,c2145bd0-9782-4228-b24c-94aecf74794b, this is comment for performance test on perftest environment  we can see the comments later  for small files for second perf test200
d68d06af-f410-4e3b-98cd-04c56dd184b5,132,252.0700584,70.3982062,e53257e7-42b5-418c-8699-39aa08dc3623,12d5e5dd-a64d-43fc-a1ee-cccd04fa1c65, this is comment for performance test on perftest environment  we can see the comments later  for small files for second perf test201
7097fd78-b45b-4333-9284-108fea75415a,77,396.9984863,113.0307432,68e01eee-9d36-447d-b2f7-ccd72dba2909,36d0310a-07a7-473c-add4-cf99c0ed0544, this is comment for performance test on perftest environment  we can see the comments later  for small files for second perf test202
5493c486-ca4c-4c21-9924-156adc53c772,58,122.6106248,27.8545184,4a52f3a9-8d86-41ce-81e9-47c09e99b99b,f2b1d29f-0a46-4122-a45d-a24c371ffaf9, this is comment for performance test on perftest environment  we can see the comments later  for small files for second perf test203
7300891e-9324-4055-b329-6f5ae7d3336a,153,45.86872151,4.94989543,559c85a8-c584-4948-af96-15c91fb7ea98,b218b1f6-c302-4d3a-b0c4-533da2262640, this is comment for performance test on perftest environment  we can see the comments later  for small files for second perf test204
34755ae8-7375-443f-a24a-0b97b1cc160c,162,203.7373979,118.0285175,0e74a2a5-1336-42d0-a9f0-83eef150625c,40b16569-4665-4b84-bed4-5bd64f520634, this is comment for performance test on perftest environment  we can see the comments later  for small files for second perf test205
27e10a79-3e2c-453c-972a-3f8192d3d4af,189,270.0320169,149.3433135,8e8d40b3-d404-4d8b-b0cf-7b65fcdc6d61,8b2313e1-2a3a-419d-bdf3-b743dd56695d, this is comment for performance test on perftest environment  we can see the comments later  for small files for second perf test206
13b0a62c-16b8-4aa6-a90c-dbf8b44a8ab6,133,33.02133101,23.17380773,53cf361d-d2aa-4050-b3ce-2e1a8d11dfb1,1045b2d8-6a45-4075-98f4-0d1159edcfbc, this is comment for performance test on perftest environment  we can see the comments later  for small files for second perf test207
1f388f69-1f22-4e8f-acca-46cbbca67722,130,277.6958246,62.0122964,d97ddf30-6a0a-41cb-8938-81a4b02c4df1,1e19c238-e7b5-4871-a587-4ccad7f5958a, this is comment for performance test on perftest environment  we can see the comments later  for small files for second perf test208
8b39d16b-8e75-4234-be94-f8b248d295d3,108,46.55860799,265.193839,5cf511aa-bf77-4750-ad9a-67518fe68fe3,c875f2ba-fb70-425a-9e0a-efb3dab3ce8a, this is comment for performance test on perftest environment  we can see the comments later  for small files for second perf test209
4d34b2c3-4407-4462-8e7d-736862e00b9d,36,26.87321488,37.82808814,063ab9f0-d933-4426-8245-abb70f018aef,196049d2-63c3-41b4-935c-25a3dc8f444f, this is comment for performance test on perftest environment  we can see the comments later  for small files for second perf test210
3d4ec8e8-b570-4388-af92-ca6c2ce22707,159,339.1486041,77.76829912,0d664932-3a5f-4c1c-b317-1f797b44dd80,a351a74a-f792-412d-a942-c96c22848b69, this is comment for performance test on perftest environment  we can see the comments later  for small files for second perf test211
6ca9f620-e297-4ca4-8971-e10538ce8423,84,477.2481559,51.18983954,cbf5af1c-cd10-4dba-bfbe-852ed541d0ad,7afc016e-4cf5-4e97-b7ae-be61bf27f76a, this is comment for performance test on perftest environment  we can see the comments later  for small files for second perf test212
1fd9d7a2-7baf-4a4c-91fa-6c17094795b5,108,207.8151678,22.38679177,c4362a34-0320-4e92-b056-5aba47b798ca,42a88eac-dc5c-4126-b9fb-07d8e9fc6a12, this is comment for performance test on perftest environment  we can see the comments later  for small files for second perf test213
0541926a-2fc1-420d-980d-3609a808afef,178,410.9608489,212.6301778,b94afe92-b27b-4612-9e61-af5cf9a7c527,b5ad1cbd-df05-44b7-afdf-867ef5f9e345, this is comment for performance test on perftest environment  we can see the comments later  for small files for second perf test214
be146eb6-aeea-413c-b6a4-e155581f5d2a,37,127.8813612,285.6133748,d08f159f-1f6d-485f-9298-67ff923a28fa,b18ae837-dc38-496d-b2fc-e930398a67bd, this is comment for performance test on perftest environment  we can see the comments later  for small files for second perf test215
860343c9-aaa2-4b1c-93b0-196eced797c7,113,351.8152735,5.702372409,5ce6f21e-6c0b-4865-98bd-93e680433699,616559d8-a3a0-4c23-a07f-213808f862da, this is comment for performance test on perftest environment  we can see the comments later  for small files for second perf test216
7a1cab63-4df9-49c4-b7e8-b2157eb5a0f5,167,437.259582,290.8421535,dedc1adb-263a-4193-818c-069605cf3677,114e16e5-4051-4b40-9455-e7f609b674fa, this is comment for performance test on perftest environment  we can see the comments later  for small files for second perf test217
ff8948e6-0aa5-4a82-9bed-5d959c38784b,27,278.0320333,55.94825277,601f0f94-f09c-48e7-baf1-c2e1d5d6a5bf,ff2bca00-4c47-45c8-9857-aed0d1cd08b5, this is comment for performance test on perftest environment  we can see the comments later  for small files for second perf test218
3a63b4b1-5d6d-4d08-a500-97e4a63df6c1,123,489.8045492,169.6151977,6a5b136d-ffc6-407a-ba80-29083786e554,488fb796-0576-440d-9ca4-8b64e810fb2d, this is comment for performance test on perftest environment  we can see the comments later  for small files for second perf test219
58b73b87-f628-4d95-8d10-d63d9fe1632b,39,415.6514917,62.78473168,7bb4f41e-ea36-4ba7-976b-d52b33d95d5c,4768a2f7-5182-4d12-9a3b-65b6b7d241f8, this is comment for performance test on perftest environment  we can see the comments later  for small files for second perf test220
452cd499-4f2f-4675-97e3-bb7c739ffa7d,8,476.7344901,252.2727108,3fc844d4-2c16-4969-a31b-cbe904d13c56,692209a7-aa5c-402e-9188-fee123ac7519, this is comment for performance test on perftest environment  we can see the comments later  for small files for second perf test221
edca0ec3-3942-4bfc-8d5a-2b657f024c9f,167,258.3671626,246.4766945,7bf8094c-7c36-486c-a97d-cd27ca30cd2b,e7bb3506-4ea4-42ec-8b74-69d83b56212a, this is comment for performance test on perftest environment  we can see the comments later  for small files for second perf test222
05f0765d-1999-4e87-88c8-2271d6287a1e,132,123.9324529,118.8648865,1e8ba82f-8b1a-441b-84fb-5a8ca981e2fa,b7c860a7-58f6-48f6-93ba-dda9482c8ff4, this is comment for performance test on perftest environment  we can see the comments later  for small files for second perf test223
a88418cd-92b6-4c84-86e7-e0b51e95aca4,149,261.2069566,80.96557214,ad612abc-bb9d-409c-a172-42e724e5159e,fd8a5b6f-2eb4-4253-b4f3-660f669c6604, this is comment for performance test on perftest environment  we can see the comments later  for small files for second perf test224
79837923-50f2-4e13-8686-9c4ca3b25ce8,18,318.5069202,214.0123338,c9a264e8-2814-43d2-9eda-02f45e3581fc,f8ca9a40-d3ef-42c2-bf79-17c95ef087d5, this is comment for performance test on perftest environment  we can see the comments later  for small files for second perf test225
06284a6a-03a8-4905-81be-0b108daf1558,21,37.28719624,93.23919403,6e8a2b53-b2da-49ea-84a8-1bfd367def73,3e984962-f8bd-407e-8b4f-f5a8a03e96fb, this is comment for performance test on perftest environment  we can see the comments later  for small files for second perf test226
19a533da-14f2-4389-b00c-da36b85c8e53,170,439.8713338,215.4566821,4e67ae4d-07ed-4fa9-adf8-a58efe371999,ded90e39-4ef2-4286-b7d9-ab6073c3af30, this is comment for performance test on perftest environment  we can see the comments later  for small files for second perf test227
87af3755-fed9-4bab-8b69-b62164207284,44,71.98599387,119.2651348,b7ad1597-b500-419a-80f6-01921b2bf7bf,f451a2cc-92d1-42fb-97cf-0bf076ecb80b, this is comment for performance test on perftest environment  we can see the comments later  for small files for second perf test228
365b2d3e-abcc-4b1f-8f43-93272de6f4e8,130,206.782234,298.6562647,6e3e39d2-e2ec-4224-965f-87de32612c67,68061241-e1f0-45f3-a380-aee531d5c652, this is comment for performance test on perftest environment  we can see the comments later  for small files for second perf test229
1ab4e814-555f-4d23-8327-1bedc79f8b50,8,391.4000765,12.4341431,6d3b289e-d824-4b8c-b71b-b78d83fe47e3,b8b31e9e-8b8e-404a-bac5-048bd9971832, this is comment for performance test on perftest environment  we can see the comments later  for small files for second perf test230
1d1b74e5-7ac5-4c33-b51b-54f2dfa96bf7,170,163.6827814,178.7784969,02797fbc-1987-4992-a710-ccefb7ed4e40,5e623d5f-8d15-4f73-b447-add0260d51fb, this is comment for performance test on perftest environment  we can see the comments later  for small files for second perf test231
94273858-08ad-45dd-8814-a262dbc7f5ce,86,51.88307645,264.2036817,914abbca-784d-429b-b0d5-10ebce81bf5d,aeef5063-a86c-4608-bf88-6bf5bec211e0, this is comment for performance test on perftest environment  we can see the comments later  for small files for second perf test232
df273176-3879-4de5-aa13-9f2bc412411e,190,127.1947294,8.206560891,746f4613-b8dd-4e26-896d-47019b6da3b8,e43a97b1-0ec3-4023-af33-cededfb1904b, this is comment for performance test on perftest environment  we can see the comments later  for small files for second perf test233
dc1b13ab-65d7-40b0-9516-b236f54d4ea7,177,485.7691897,18.48624882,81a23bf2-b047-454f-a261-023207f3c2af,8829b869-8fdf-4e3c-9b2e-464feb69a0a6, this is comment for performance test on perftest environment  we can see the comments later  for small files for second perf test234
b30e386b-a924-451a-a9bf-fa9358df5cb5,107,379.9887494,260.1636292,bc7f517b-3d45-4e9c-b5ef-be9c1b5a4025,ae99782c-4e1f-49d0-b2bf-e7c0f83e18a4, this is comment for performance test on perftest environment  we can see the comments later  for small files for second perf test235
24c42687-8a23-495e-b5b5-3258b576f9bd,99,461.9602734,55.64898039,ca7726b1-08c7-47e5-b479-d6e59a4c4d04,aec834d6-9a96-42e8-857a-5da80dc4f7a1, this is comment for performance test on perftest environment  we can see the comments later  for small files for second perf test236
6720cae2-eb12-49b7-be74-3157145ec96d,191,416.2784937,36.77352335,84b00108-8844-4ebe-8ef7-7c5928a1e9f6,35737b9e-91af-4dd3-a68b-8db45fec835b, this is comment for performance test on perftest environment  we can see the comments later  for small files for second perf test237
6c848fbf-e4e0-443d-a5d1-764e754e214e,188,226.7271858,192.1980123,36bd1d9c-326b-475a-bcbe-0c243b0c9c2b,303ad3c8-d0bd-4715-8799-0a33ab0ef17e, this is comment for performance test on perftest environment  we can see the comments later  for small files for second perf test238
a92854a4-767a-4b0e-8945-1a513cd1725a,62,416.0035801,178.8978599,df6f2891-f142-4811-93ba-741e6ee75f77,e151d397-94d1-478b-9004-bc8d6e389885, this is comment for performance test on perftest environment  we can see the comments later  for small files for second perf test239
dd1ce05d-768f-4589-82e5-153f2ad80ae4,26,143.6181016,155.7930877,92963f75-828c-451f-a4a5-966e7b2da81e,6639403b-9508-43ab-b6f7-de766fbc4042, this is comment for performance test on perftest environment  we can see the comments later  for small files for second perf test240
8df5c7fd-68b4-485b-8e42-d3ce5428c512,2,307.0044604,253.0521177,d2efcffc-13bb-4748-91c8-05e42fb4cea3,6afe97da-8faa-4be2-9a27-721077224b0c, this is comment for performance test on perftest environment  we can see the comments later  for small files for second perf test241
c6d3036f-472c-4917-a41e-6659dac23bbb,56,176.4847073,58.71905258,0ef85c18-fbf8-4845-8184-e371a066bac5,c3779946-ad4e-499a-8351-413ff8414100, this is comment for performance test on perftest environment  we can see the comments later  for small files for second perf test242
5df15e2d-56de-48ba-924a-fe70e4a55833,190,493.1981072,1.806738738,dc6dedad-d38d-474c-9bf7-7d247d79abf8,1f37d469-0cf3-426c-911c-ca27a204ab18, this is comment for performance test on perftest environment  we can see the comments later  for small files for second perf test243
a666c8f7-8bfe-4a83-bb41-ec6c218b043c,75,266.9751705,226.9352186,86deba15-6e50-4c97-bf45-028c99e20bbc,c24ee2c1-eabc-496e-ae5d-1e0c004e15b7, this is comment for performance test on perftest environment  we can see the comments later  for small files for second perf test244
22834e50-8901-4ede-8d88-655c68500292,10,207.4264666,224.0850866,1f366118-3a44-45d5-8fe3-e5b501ebd2cd,6da56cc3-b825-49d3-98a3-49110bb3effd, this is comment for performance test on perftest environment  we can see the comments later  for small files for second perf test245
524fdb81-1e37-4541-b412-1640e9ad32cf,125,168.9838008,256.0002819,d5dc5430-447a-4414-8d9b-cdfae1ab91dc,e44e6ebb-22cb-47a8-8528-4dc817ea0ce3, this is comment for performance test on perftest environment  we can see the comments later  for small files for second perf test246
821dffa1-e67a-4f18-9b4e-6e78034d45a7,122,139.1951812,133.0032246,1ca4f3d6-d475-4281-b076-e0b0c5439da8,c926c05d-89d3-4aea-a512-489351b3b2c2, this is comment for performance test on perftest environment  we can see the comments later  for small files for second perf test247
c108b9d6-0fd3-49ba-b8c5-51563edd4c94,113,75.01015745,233.2594143,85f5cd93-57b5-4164-bdbf-bf5de87c1eac,531e16d8-481e-4bf0-a36b-572096936e2c, this is comment for performance test on perftest environment  we can see the comments later  for small files for second perf test248
f69e940e-2dc0-451a-b80c-e05722050066,51,287.3111264,205.2426488,90deac34-c4cd-41cc-8c29-ca1f1a894fe0,07fa942b-7ad3-46dd-b3e8-666d660ecfcd, this is comment for performance test on perftest environment  we can see the comments later  for small files for second perf test249
b796258f-a92e-46f7-9e47-3804d2979768,129,321.6220948,0.474337659,1b0094ba-ce2e-4a66-8ccf-dcece5a530bd,7c911763-2fd5-4c69-a1ff-6c9595d0a1a4, this is comment for performance test on perftest environment  we can see the comments later  for small files for second perf test250
02801e30-71cf-47b7-bd67-ab978541719f,34,466.2657501,97.85628003,d3ce5296-b3d4-4351-97d6-a763155c76ad,fc711eb5-34f4-42a4-b829-2245aa3ed033, this is comment for performance test on perftest environment  we can see the comments later  for small files for second perf test251
7073a819-f8c8-4c6d-bf0d-ea6b520c938f,198,97.63300287,159.4321822,38d2c3f9-55e0-43e9-ab6e-3cd1d5e64430,b9a9ec4d-541c-4006-bc94-cd43cead5f14, this is comment for performance test on perftest environment  we can see the comments later  for small files for second perf test252
b22215c4-4327-4838-a03e-9270f5d9d1f9,170,22.33353691,277.8915489,35fade6d-93be-48c7-a588-665d091409c6,e62325dd-f987-467a-bae3-c45aade8d28b, this is comment for performance test on perftest environment  we can see the comments later  for small files for second perf test253
dbb2e54d-70d5-49e9-973c-fafd9e46751d,143,114.5242682,260.9028259,e3a6284c-47e0-40ee-8241-0360df085ecb,d54c59c8-618c-4a20-a04a-237cdb038162, this is comment for performance test on perftest environment  we can see the comments later  for small files for second perf test254
f7677330-95db-4f85-bf54-3c456d2c6786,32,83.4389902,75.8467281,6652638e-44d1-47d8-b7ab-2754d70b3400,9bfa95c5-c76d-41ac-8bb5-ba5d43608c20, this is comment for performance test on perftest environment  we can see the comments later  for small files for second perf test255
870f7622-4681-4d5d-850a-ff0e0cf70d3f,165,185.3404944,144.6072869,72c18800-c6d3-4530-bb4c-904e9c16015a,69959875-da38-4ca2-af41-6554e6ebf1a7, this is comment for performance test on perftest environment  we can see the comments later  for small files for second perf test256
d796a563-cd13-4b11-804a-b71a83cc6ccb,12,217.0027119,275.894194,ff7f86bf-28b1-4cfc-81a0-31be57d6b8da,ffb9c523-5213-43ee-b807-2537eb22b9d4, this is comment for performance test on perftest environment  we can see the comments later  for small files for second perf test257
74c37518-0210-4be8-9ed5-dcb0e6c5f345,3,107.9633041,133.6550945,3ded234e-bb70-4850-85e3-f81503cf5af0,7c3712f4-d71d-4fef-a53d-a3ed178a58b8, this is comment for performance test on perftest environment  we can see the comments later  for small files for second perf test258
af0100a8-333c-4657-b529-1103fed50e85,139,116.7596161,160.7067638,7a52dc2d-9a24-4f84-9ae5-171606be9e60,f270ebae-a02f-496d-819e-2bc097af7682, this is comment for performance test on perftest environment  we can see the comments later  for small files for second perf test259
32eb6057-938b-4478-85ba-066c3ebe1680,156,259.4746471,164.3113246,1f0d52a0-da34-4e14-acb1-56df51f989f9,5b696f18-d072-44da-8ad7-51396481c98f, this is comment for performance test on perftest environment  we can see the comments later  for small files for second perf test260
a6f395b9-5cb6-4ee5-8d52-f3699577b791,159,195.937707,104.8715688,dda31f7a-78f9-45d1-a0de-3acc8b21e33d,7f32177b-a879-4d53-9c8b-e43b2f2c49ff, this is comment for performance test on perftest environment  we can see the comments later  for small files for second perf test261
427c1cb5-7c7c-4f3d-9674-bd64ce31a360,146,189.334594,273.1325694,95ae14df-811a-4fce-b588-c5a126978213,a665bd49-a79e-4615-9d0c-1734f48416e9, this is comment for performance test on perftest environment  we can see the comments later  for small files for second perf test262
dbfa49c3-9e3b-4e10-bcfe-20f557b9e38d,129,66.61985961,103.0954018,801e757b-45d0-4634-a19a-28d1f850202f,3e8d4afe-4268-4135-960e-e6e7375d8dbb, this is comment for performance test on perftest environment  we can see the comments later  for small files for second perf test263
1d6ae0c7-4478-45a1-8091-ebd190ccf1fb,47,395.3405237,54.69567093,5815a928-439e-41b0-929f-52a014cf0351,3833a86d-629c-4f43-abd1-2a854edebb1e, this is comment for performance test on perftest environment  we can see the comments later  for small files for second perf test264
7484c6ef-ffe7-4498-816f-5da6138f06ea,115,318.4474043,124.0816843,71f92b1d-7a39-488d-92d5-3440bd0e749d,6454a97a-a85c-483f-ad60-0f2fc1918a05, this is comment for performance test on perftest environment  we can see the comments later  for small files for second perf test265
0fc0525e-be40-4a03-acb4-7501326e79ee,85,483.7620593,69.62684808,f9212346-6d31-47a2-92b1-1948def1e92c,a8cffd49-634a-4340-8b3a-ec261418fe72, this is comment for performance test on perftest environment  we can see the comments later  for small files for second perf test266
e8d9d8cd-85e4-4f73-b37f-b622f9b92497,36,32.36345875,121.0422318,d893d021-c08d-4ac5-9ec8-0bde3b41abdb,4a9d1653-e13f-4da3-97a8-42a9425a73fe, this is comment for performance test on perftest environment  we can see the comments later  for small files for second perf test267
ba8d0de3-9302-44cc-995f-c6424b44f13e,155,245.5537254,263.7768796,5b25c109-fbe3-43b6-80b0-319b3384b3c0,604050a2-238c-4fd9-a74d-a8113cd45995, this is comment for performance test on perftest environment  we can see the comments later  for small files for second perf test268
55065692-84e6-4430-9d45-a1d93326fa73,139,233.57412,229.808128,5880b40e-b0d3-4b02-894e-56b97dedff45,6c466610-4be4-4216-a5e2-5b1a95b0f489, this is comment for performance test on perftest environment  we can see the comments later  for small files for second perf test269
7bd8e313-7d33-49ca-89f0-ec875eb8a239,120,226.9658719,183.5989844,9690010f-3048-41ed-a122-32723d4449bb,54133014-7f0e-4dd1-9748-677cf139dd46, this is comment for performance test on perftest environment  we can see the comments later  for small files for second perf test270
1837b9e3-3c21-46e3-96b9-3728954035d8,35,182.5031449,246.4975974,57a3fbbb-6b9a-4c21-ba4f-a53ff52585eb,a9924760-a066-4451-8d33-17703bb9e983, this is comment for performance test on perftest environment  we can see the comments later  for small files for second perf test271
13ae5ab8-5835-4144-a588-4f2e98ffb321,81,373.9755225,32.54954049,9ed03c4f-872d-4a73-8057-42f4279820bf,e04f873f-2b7e-4780-bb45-890359d2d408, this is comment for performance test on perftest environment  we can see the comments later  for small files for second perf test272
4d680008-c1df-4146-8474-f9fc73b3cfc2,188,351.8428803,151.3214292,33054e2a-bd62-44ee-b793-db79f395c1a8,4a426850-913d-4bc9-b987-abb067f028b9, this is comment for performance test on perftest environment  we can see the comments later  for small files for second perf test273
097c9e4e-be70-4fd7-a743-0696d581523c,165,485.4474049,40.1915886,e9e5924f-4b51-43ba-8ece-eedf7be57ffb,1467dc53-348d-4228-b251-fac05097c7dd, this is comment for performance test on perftest environment  we can see the comments later  for small files for second perf test274
eb333824-60c7-4e90-93d0-f2a9e45ee6af,137,243.9129291,12.55770033,48fe5761-8a74-48d2-8508-84cd953518a6,bb5e4413-1588-452d-93c6-b44f268e095e, this is comment for performance test on perftest environment  we can see the comments later  for small files for second perf test275
f485fb88-5099-459c-85e9-1eeea293575f,33,305.4573923,155.2421488,43bf413b-1843-4714-9551-16fe205435ab,ddc76c51-2499-4deb-a02d-b2f4df8a1bb6, this is comment for performance test on perftest environment  we can see the comments later  for small files for second perf test276
26add1cb-1606-47f8-b9ad-c29d4ae0d73d,93,365.9157376,245.7687169,a1d975e4-d74e-4e51-bf19-03d1ec2806ca,70d35acf-9567-4922-9c91-9ec1bce0d168, this is comment for performance test on perftest environment  we can see the comments later  for small files for second perf test277
1a9d7100-157b-4028-9733-eb043d536b09,22,117.3477839,60.73463719,1f203075-8353-49b3-8d47-90d13242762d,55230016-18ac-414d-8000-dd7ea6e6dd83, this is comment for performance test on perftest environment  we can see the comments later  for small files for second perf test278
27fe202f-0611-4873-894c-7fed5a8ca10c,142,225.2509419,75.28842398,fba575ae-b502-4370-864c-9f89e537f22d,dd8e313c-6b3d-450f-bb2a-69c9205bbadc, this is comment for performance test on perftest environment  we can see the comments later  for small files for second perf test279
97eafda6-56c0-4395-90d8-b7fd2dd82650,75,3.354757677,42.49840446,f747323c-7869-446b-ad9c-37495b607d5b,a035744e-cb1c-4464-b2d9-840a17db0849, this is comment for performance test on perftest environment  we can see the comments later  for small files for second perf test280
cfb73561-73a2-477b-902f-cce564da6dee,120,305.1819791,156.7653406,66d84d91-3d90-4006-a59f-bff4ab4adc51,db083619-bb75-4c53-9b31-050254fa048e, this is comment for performance test on perftest environment  we can see the comments later  for small files for second perf test281
ef2041fd-e80c-4deb-ba27-2340c3fdbacb,155,297.5120081,59.08003927,7fb5fdca-2e4e-44da-9241-8555ca764f23,8fcb2178-563e-416b-a46f-420bf9c05d94, this is comment for performance test on perftest environment  we can see the comments later  for small files for second perf test282
4553d415-7ce6-4d12-a12d-723a541cc25e,179,78.63798079,206.5525068,a7c6d05a-ff9e-4f6c-94b2-d010638b5bff,77027f0d-8b48-45d5-8b0e-722543b4b0a2, this is comment for performance test on perftest environment  we can see the comments later  for small files for second perf test283
7f8bf002-7f76-4784-b3c5-454455d7d5d8,60,65.38295819,113.9029708,46bcc0fb-389c-4508-be9a-b80852a4f091,6388d677-fcf7-414d-b2e7-11dbf9a44359, this is comment for performance test on perftest environment  we can see the comments later  for small files for second perf test284
0cbb9bc2-9201-45a2-b426-8c3340059575,2,59.02263836,183.0049391,99d35edd-38f1-45d3-8f71-553a1674fba7,95eb93f9-4d85-4eb3-998d-4db4fd6760fe, this is comment for performance test on perftest environment  we can see the comments later  for small files for second perf test285
5de05898-c2b3-4df8-9252-6678457ae19a,63,282.3416738,59.79931091,d72ff15c-fff0-47fc-9e00-95d43c8ff06a,21e74c6e-e7f8-4408-b138-84d20de6115e, this is comment for performance test on perftest environment  we can see the comments later  for small files for second perf test286
9e00d6b2-0901-4b9f-b06d-d95aac6e77eb,72,39.26175622,89.84979243,061e5114-1039-456c-b193-6757167b3e86,5ccd7e8a-ef19-4b2d-9f73-f588fc75b74b, this is comment for performance test on perftest environment  we can see the comments later  for small files for second perf test287
dc2aa11c-10e6-4a2e-9566-4d59e504760b,193,178.8770501,177.0324329,9ea15a82-0d20-47e8-9835-37691d857c49,1df8cf29-95a2-4d33-81d2-ff46ff60d690, this is comment for performance test on perftest environment  we can see the comments later  for small files for second perf test288
d5a1b033-afc8-452f-8c4b-c36e1dbf1836,170,50.0692884,87.87239103,9f8df5b6-c0f1-4ba0-a10f-b968c30d326e,f7daaf75-5976-4134-9797-e3ccad077e92, this is comment for performance test on perftest environment  we can see the comments later  for small files for second perf test289
03e623be-4ba2-49b3-849a-1656b3c4270a,177,363.9448061,202.6028205,87b78f0d-c29e-42a6-946b-c10e7dc500fe,779df483-e5d9-4600-8237-dd4c858d4378, this is comment for performance test on perftest environment  we can see the comments later  for small files for second perf test290
6c0dd880-4a42-4fcd-9576-451a6aa3ce7d,52,465.0959236,299.9110027,4ad8fec7-f241-432a-944f-6cde2619f068,b8c05a50-c91e-4e5d-8729-69dbe55785a3, this is comment for performance test on perftest environment  we can see the comments later  for small files for second perf test291
26504192-8994-42b1-87c1-4738a504a704,45,298.8798508,109.099086,b922c6dc-5455-4eea-b9eb-9519db469a04,dcd6375d-d0bf-4e4e-b2f0-8548a734c26f, this is comment for performance test on perftest environment  we can see the comments later  for small files for second perf test292
9d706cbf-0c71-4190-a081-71af53b8f17e,111,282.2344718,168.8372612,690a3cb8-af9b-4295-84de-b29ecda4162f,8b2d80fd-2fe5-4734-875c-992ad3ea467b, this is comment for performance test on perftest environment  we can see the comments later  for small files for second perf test293
e2e2292e-405a-4d50-9157-ba4aab375496,24,158.8924414,182.7883961,88624ac3-5e62-479b-b209-f7f2f37a0633,0520dcd5-7b82-4e35-ba7d-1de11ef93a23, this is comment for performance test on perftest environment  we can see the comments later  for small files for second perf test294
c84e42c8-99ca-4307-9fcb-ed0619f55eee,119,128.3180392,148.640777,f50f8d09-f345-46dc-909b-1ff66306b4a7,0269ae6c-4c3e-40ab-a102-729f4db4ec9a, this is comment for performance test on perftest environment  we can see the comments later  for small files for second perf test295
85e447f9-21b2-4f25-8549-49bb1823f9d8,135,106.7214286,244.2666513,c53f3792-3f5a-490f-9009-b9d1d5b9500f,39a5f058-e5c4-4bb8-9073-6e88cec66b38, this is comment for performance test on perftest environment  we can see the comments later  for small files for second perf test296
8354ef19-a632-4174-8f02-c146deff55ae,21,328.6229338,96.32301436,28455372-a251-4d72-a36a-bf4942bdad7c,1798a16b-5ba6-443b-8504-cc60233f223b, this is comment for performance test on perftest environment  we can see the comments later  for small files for second perf test297
d63695ff-8a4e-401f-b348-6418d1673c2d,103,494.5670309,241.1012181,51b66615-0a40-493e-90ba-5fbd5017a562,208fbf9b-7943-4667-97dd-4816c10ea8c8, this is comment for performance test on perftest environment  we can see the comments later  for small files for second perf test298
aee41626-f2d1-46b5-8792-86c6c83c08e3,12,86.27956335,34.98639091,b25f0436-d9c7-4818-9a12-36d16faed7ad,57ac22cc-9a4e-4050-bd45-fcc29005bffb, this is comment for performance test on perftest environment  we can see the comments later  for small files for second perf test299
ebf5ea90-d46b-4509-80ce-402c840c9958,66,72.8661825,184.8539079,8e157357-a5db-48de-9864-3f6c4f9decc7,a60ac2c7-1589-4806-9ff5-c277caa7e5db, this is comment for performance test on perftest environment  we can see the comments later  for small files for second perf test300
ce5dff62-1598-4dcd-861b-84db48f4ea89,18,461.6400908,125.7905005,e18acd56-5570-4acf-a524-d871d957d047,9a3a1a27-5f82-4f3e-89bb-7bc1daa0f56b, this is comment for performance test on perftest environment  we can see the comments later  for small files for second perf test301
3c354283-f9f4-43b4-ac10-7e7dc6a26ef0,158,195.6387172,258.0861779,a936987d-c7ff-4794-991a-c96190604f4f,62d1da38-ee4a-4180-9ce9-07e4f1223a01, this is comment for performance test on perftest environment  we can see the comments later  for small files for second perf test302
ea662e20-1ba4-4ebb-a1a5-7a3602c0bc3f,92,483.0260095,144.4138033,ac87b0e6-f151-48fe-96ce-70ae5bd13f4b,7f1a8c21-196b-4145-8a00-369697380d8c, this is comment for performance test on perftest environment  we can see the comments later  for small files for second perf test303
2eb978fa-c323-4df7-bb41-c7da9736accb,147,385.7920047,297.903974,16432cb8-45f1-44c7-acc6-e7dd25b15ee4,302180ae-e822-48c1-9336-f166611b79d6, this is comment for performance test on perftest environment  we can see the comments later  for small files for second perf test304
3f252d0b-d767-4628-9b60-f1cbb54bd156,159,61.69584906,183.9420623,e62f79f0-4387-4b9d-9d53-1777e83d05a0,2773dabe-8679-4f62-b02b-a73edc80591c, this is comment for performance test on perftest environment  we can see the comments later  for small files for second perf test305
6ebcb490-4934-4e8e-ba8c-e3a60911ee62,84,34.63134096,227.8381167,9bca226d-c66b-4c18-9053-a2884837efd3,83d061fa-6252-4377-ba0f-16fe73c1f773, this is comment for performance test on perftest environment  we can see the comments later  for small files for second perf test306
8776ed80-5b61-45bf-ba6d-be24d7c844e7,141,402.3847104,4.903284931,601df1d7-2ef3-4480-a31c-02dc21226c33,6081c749-cfb0-473d-856b-e0c413b06b70, this is comment for performance test on perftest environment  we can see the comments later  for small files for second perf test307
711d9df7-383c-4d5c-9b19-1e1f637c123c,156,118.529414,129.9834298,8d8aaeb4-ad7e-46de-9fb3-b4187b8b81b7,1dd866bb-43e5-48ad-b913-6d29755b666c, this is comment for performance test on perftest environment  we can see the comments later  for small files for second perf test308
cb033367-a98e-4a29-b6ea-3cdf25dda37c,178,171.8592006,130.2456084,7ea77085-d94e-4d17-901b-24a251fdcd49,d6443a0a-35f6-4bd6-902b-a9d3f7289325, this is comment for performance test on perftest environment  we can see the comments later  for small files for second perf test309
52bc1b0e-3146-47d1-b293-f74f3fae8e53,184,493.8406438,284.0045496,8e070784-f673-437c-9bd9-2dd72a778f87,96fc922d-b318-43d0-a329-22d8881aeebd, this is comment for performance test on perftest environment  we can see the comments later  for small files for second perf test310
e4fc7294-5c0e-42b4-895a-ffa1a39fce9a,79,210.5320045,120.7324235,7ac9c007-7bb0-4b96-abd6-bcccb19d88b8,d7d67da5-0c19-410d-b3ee-b5a67b893464, this is comment for performance test on perftest environment  we can see the comments later  for small files for second perf test311
5938085c-1b5f-420e-9e81-db7b2c11287c,37,286.2266891,172.5876415,ecda7d9a-96f1-48b0-8ae3-064820eb75c7,418eac5a-ce5c-4f98-954a-b4900e75507d, this is comment for performance test on perftest environment  we can see the comments later  for small files for second perf test312
152fc42e-5109-42bd-899c-00b535cbb477,137,93.65112606,98.39591737,4235d6c6-6245-46a8-9736-a6a677f3094c,e2e8f3f2-17b7-4e4b-aaa9-b0895944d54f, this is comment for performance test on perftest environment  we can see the comments later  for small files for second perf test313
36d06e08-8901-465d-82d8-676715f7b7a0,34,291.0431329,126.9697189,c6046ff0-4ecd-4772-bfaf-3b354af7d4c5,4e449b8d-b8ad-4994-86d6-e8bfe596106e, this is comment for performance test on perftest environment  we can see the comments later  for small files for second perf test314
75956051-6a18-4064-a5c6-2bf11cc6f063,173,189.7215893,272.7945144,433b805f-9902-41f5-aec0-0196258477af,d64cd0d7-a1bf-420a-9e77-cfcee09442c1, this is comment for performance test on perftest environment  we can see the comments later  for small files for second perf test315
fa5f1008-0d32-4d1d-8c04-4c7e53bcc848,150,401.72038,138.1648219,30e9bce6-2fed-4d6e-845d-7e31c31a2e0e,a4f6cb42-1209-4f5b-b042-24154e235e3e, this is comment for performance test on perftest environment  we can see the comments later  for small files for second perf test316
a76937c0-5f46-46c4-aade-a3f2452deb51,10,243.8699147,28.8735338,098d317e-1c86-4e06-a199-956f7a5332bf,306f869f-c0d9-4186-a276-ee3bcd9b5741, this is comment for performance test on perftest environment  we can see the comments later  for small files for second perf test317
bd8afa54-4e22-4c97-bfb4-4b9d12bb2de4,21,348.4846595,155.3479579,a96cf22e-5d79-430f-b7bd-4ea3aaf7d5e7,08b51011-bc46-48b9-8826-d662e5f62a74, this is comment for performance test on perftest environment  we can see the comments later  for small files for second perf test318
c203ce7f-a4cb-4c3f-bc35-82dd5fe4829e,34,175.4999037,94.8061509,77fa0361-b40e-432b-a377-1cd999dcace5,0bed4109-11f0-44df-ae3a-6cd5c6e22bb7, this is comment for performance test on perftest environment  we can see the comments later  for small files for second perf test319
ea159519-c70f-47b2-aa8b-5cb1a224d9d4,7,261.5789167,62.53363786,f3a8a314-1ae7-42c7-992a-815b77f99b73,b6b925da-843a-46f1-b3d0-57ad7adf8d51, this is comment for performance test on perftest environment  we can see the comments later  for small files for second perf test320
bbd2d5c7-9d80-4dc1-a161-46fb811daff7,20,113.9256213,213.4294147,306b23d1-dfb7-4526-92ec-546467fbd221,4afd45b6-ccfd-414c-8e3e-a24dba758876, this is comment for performance test on perftest environment  we can see the comments later  for small files for second perf test321
f45dc21e-12d9-4a42-b213-1551c35969d4,116,33.56363984,237.2387657,e9f5eb10-fc22-42aa-aaa6-2e4a1b6e9c2d,9923b5e5-90b6-40ca-8aed-ae740fac1d2d, this is comment for performance test on perftest environment  we can see the comments later  for small files for second perf test322
02d3734e-f466-4d6f-b7bd-1c7898d4d47f,63,367.2542857,208.4879447,e45edbd3-2a81-48f9-8575-42213c0b1c90,3742e5bb-68b0-47f1-ad35-25d72764dc29, this is comment for performance test on perftest environment  we can see the comments later  for small files for second perf test323
30dd3017-d3f4-4fcb-9f0f-75f2ddd0f5c5,129,492.4501172,33.35537699,c8267c77-030b-4f06-969b-e19bbc4655e0,492627c9-9ba3-48b7-9e55-b50d9d0918b1, this is comment for performance test on perftest environment  we can see the comments later  for small files for second perf test324
f37f8747-ecda-47af-aa92-6adc9818d14d,141,91.61698695,285.1166058,7e2438d7-5cba-4000-8482-0dd309669515,5513370c-f79a-46d7-b698-96df90bf3560, this is comment for performance test on perftest environment  we can see the comments later  for small files for second perf test325
ca3687e5-a6d9-423c-bc80-92a40db901fc,108,70.4246979,267.1449769,9d9e542d-193c-44e7-8f40-25da27563a82,562f143a-0c38-45e6-8811-50788286a304, this is comment for performance test on perftest environment  we can see the comments later  for small files for second perf test326
e2718b91-82a8-401f-a637-797b2488fe35,14,486.3338412,227.6581155,189ac523-c8a9-45ea-87f8-6dce644930aa,b7833146-176f-44c4-8f4f-adaab142a192, this is comment for performance test on perftest environment  we can see the comments later  for small files for second perf test327
ddc26f43-59ef-47e3-8d0b-6bb7f219a178,190,356.781921,56.33382036,77dd1f67-90db-4f34-9728-c9b60e93daf8,7cac2bf1-f48a-4f97-afee-ae8bb81f0990, this is comment for performance test on perftest environment  we can see the comments later  for small files for second perf test328
233cfe83-e3a6-42a1-aab0-e40fb82e032e,85,120.6162956,3.408140159,0a7b2e0c-18a7-4bf3-bac4-8716e90eef62,30827f5a-bd8c-4743-9160-1da469e33a72, this is comment for performance test on perftest environment  we can see the comments later  for small files for second perf test329
1672f3be-201a-4f94-99b4-4dd369cde598,116,14.35404144,43.02975178,85fa0ee1-fbc5-46da-a07c-d9845cecb79b,13cd4ac6-c276-4ff8-bec9-83e3ff0abe49, this is comment for performance test on perftest environment  we can see the comments later  for small files for second perf test330
68e536ab-74e0-4962-9b64-bae4789432cd,89,7.252856351,221.1588625,72969d71-c6d6-4bd2-aec0-91ba16fd08a0,0d490d88-17c4-4e1d-8395-a1ab7c88ae7a, this is comment for performance test on perftest environment  we can see the comments later  for small files for second perf test331
69f7e1e4-e6f3-407c-9b33-be3c3cc2d0e4,167,458.0988246,110.9524381,e973520d-b78d-4e92-949e-555c5c55a68f,d5e9a74d-6b18-402b-8a08-478ea0d05fe8, this is comment for performance test on perftest environment  we can see the comments later  for small files for second perf test332
d215a16a-aa80-4921-8e58-1e66426157e0,52,185.1348873,102.9832109,2690fb83-9b7a-4990-8a82-40104bb9eb61,034bd735-a083-41f8-b754-e760c5a6b24a, this is comment for performance test on perftest environment  we can see the comments later  for small files for second perf test333
d0dd8587-73f8-4327-88b5-0bab9df100dd,5,95.41907401,64.68736015,ee67b49d-e7f5-47e6-a9af-f7a9a9328f7a,e766d5bc-c56d-4ba7-b345-4e824a977f0b, this is comment for performance test on perftest environment  we can see the comments later  for small files for second perf test334
13b4f748-c778-442e-8fa1-1c963263d08b,78,285.6307187,257.6411058,b7102c08-b8f3-419d-82b9-482bbba15853,1c4f2f37-4173-4eb8-ba48-87568a66fcbf, this is comment for performance test on perftest environment  we can see the comments later  for small files for second perf test335
e6afcab8-f8e8-4a4e-836a-4def2a9f5a37,188,299.0047445,215.8203044,9ef46851-6b89-4b18-9443-456220ac049a,6a22f6ec-bbb1-4ea7-acb1-54d20eed1c2e, this is comment for performance test on perftest environment  we can see the comments later  for small files for second perf test336
6084c645-55e5-480e-9a1c-b9fa6a352f3a,131,416.3236162,96.93186639,27f8382f-6571-48a6-87dc-b27bd73014bb,f6797aae-69a2-4177-9eba-690bfbc43158, this is comment for performance test on perftest environment  we can see the comments later  for small files for second perf test337
d95cfaa5-84d8-4d23-880e-66af7bb3ec01,29,74.22001882,99.42684751,bd66af18-b6a1-4f7f-be6c-cf380fe17bdf,9be971d0-d342-4d0d-ac32-e162eb30a438, this is comment for performance test on perftest environment  we can see the comments later  for small files for second perf test338
aa1701ac-186c-4d40-8bf1-0eb06af37b77,178,51.54229491,141.4635513,d1480412-56c3-49fc-be30-ee2d0e8901af,dadfbfdf-da11-47ec-a15e-d5a68d39a6cc, this is comment for performance test on perftest environment  we can see the comments later  for small files for second perf test339
0e556c50-6e59-4a37-be3f-ab934cd7d073,120,129.9464137,120.084916,7f33fbe1-d7e5-42a8-8e76-64653ec35fdd,faaf8712-c77e-4111-a850-d9b6b763579f, this is comment for performance test on perftest environment  we can see the comments later  for small files for second perf test340
805eae2e-95ab-4bd9-b5a2-4c81e3264938,160,222.9201315,50.42126714,85478114-9a1d-4ca2-8687-ba428c4ecafc,66f5f95c-864e-4f93-b31c-e1f81256cc31, this is comment for performance test on perftest environment  we can see the comments later  for small files for second perf test341
0c86b15e-cbfc-4a53-bfb6-4191250fce07,58,10.92257965,84.01700477,386ea891-8235-48e3-be11-1ab46bfb3b2f,d528e10a-48a0-49b7-b71f-95a166bc7705, this is comment for performance test on perftest environment  we can see the comments later  for small files for second perf test342
11a3aa98-3c96-443d-8613-33ce02bd2393,154,428.8467512,188.3175588,1cb53fad-d707-4545-b250-a1f93884f8ec,e97c4f6e-46f3-4094-9389-f412273483a7, this is comment for performance test on perftest environment  we can see the comments later  for small files for second perf test343
0e247a26-a4b0-4d50-91c3-3641c05f5896,14,183.5096041,161.881722,00d58333-8e89-4a2a-b3c9-7af04e7f9805,cf744715-251c-4a18-9d9b-4bdf8163a0d6, this is comment for performance test on perftest environment  we can see the comments later  for small files for second perf test344
0856de45-7490-45b3-bafe-6f259aea92cd,16,251.4864118,169.2845307,184a97ce-8d24-4ea0-b2d9-ca503a7707dd,42664278-a4e9-4fef-8374-48b204394208, this is comment for performance test on perftest environment  we can see the comments later  for small files for second perf test345
bd958c57-08b2-4b35-8d12-301f76ab7a05,45,28.91615291,232.9151501,aac70c4d-c879-47b1-8114-fdbe518b7696,950bf316-11bc-4358-afb5-36e4860b3645, this is comment for performance test on perftest environment  we can see the comments later  for small files for second perf test346
61f8bece-a29d-457e-99d0-27d3bd8dfab0,144,379.8328176,181.6696822,1dbe7f72-0d4d-41f0-801b-4ce4e68ed5c4,c538b47b-5cc9-4289-a198-c33270ddc36b, this is comment for performance test on perftest environment  we can see the comments later  for small files for second perf test347
4de4903e-bf85-4d2e-8364-03e1415f8956,60,217.6338882,187.426968,5ead1afc-cee5-40f3-9806-4f763b5cd179,c008488c-a7ec-4d32-b49e-b4ecd9082451, this is comment for performance test on perftest environment  we can see the comments later  for small files for second perf test348
489da699-68e8-44f4-9ff8-887f79c757c5,120,181.2872733,279.5362489,5b8eec4a-3e99-4896-a52b-83100dcc7d57,546cab78-ee0a-4893-b37c-790cb569bf99, this is comment for performance test on perftest environment  we can see the comments later  for small files for second perf test349
a7af8244-6826-4575-ab35-ecbfcc896509,117,256.4929961,202.0016161,1c16fcd4-0ef1-493c-87fb-6bd65afe2df5,a6966def-9d00-46c0-b4cf-975697b056b1, this is comment for performance test on perftest environment  we can see the comments later  for small files for second perf test350
86eab383-99bb-4f5e-b123-b757f2c9115a,2,260.162585,96.71929796,030d829a-8965-4dd4-a261-2dd071f66940,ffb7579c-25d3-4850-a527-22c8a41996ae, this is comment for performance test on perftest environment  we can see the comments later  for small files for second perf test351
53223041-1a21-410d-90b6-487819f769bc,32,291.6197192,205.1220731,2ddf09d4-3bf0-4230-ad75-0a3cee87a7e1,b5405e95-62ce-4406-8d5c-e0737b6e3f10, this is comment for performance test on perftest environment  we can see the comments later  for small files for second perf test352
0efa2452-f854-4b53-9e0b-792b31216058,66,355.4425887,8.486631095,15aceab1-b758-447b-96a1-819bde1b931c,253d14f9-6a22-4afa-86b6-7e8f9215e427, this is comment for performance test on perftest environment  we can see the comments later  for small files for second perf test353
c23ff112-1b2c-4c11-9dfd-61810ad5d97a,165,153.8694922,14.36585701,8eaf893d-68c9-4d8c-92eb-09c1ba94a11e,f0806205-2d3a-404c-b151-05ccadaa8bc1, this is comment for performance test on perftest environment  we can see the comments later  for small files for second perf test354
1bad5e90-e51c-440b-805a-29041b967f88,30,1.615852931,277.2991949,9a6bec0f-e09b-4cf5-9822-3bc45895abdf,6b340bf9-2c40-490c-8d0a-c1886fa228ea, this is comment for performance test on perftest environment  we can see the comments later  for small files for second perf test355
38fceae5-f6d6-44ba-bf4f-c7c5e42e8f18,194,371.1650936,57.92463233,1fa18f57-7414-4266-9fe3-044bee7db917,81d477fc-5618-4348-9002-d7dc1b18236e, this is comment for performance test on perftest environment  we can see the comments later  for small files for second perf test356
4a4fdb95-0935-4160-9830-53925790fa94,55,43.44286801,215.9192713,e962e559-9f97-4f08-9ec4-8b628bc20566,2a7917c8-a296-405c-989b-5cb8cec5533a, this is comment for performance test on perftest environment  we can see the comments later  for small files for second perf test357
6e8b0c32-7ea4-4ea0-a383-4e14d24c55df,180,378.6715336,90.13954155,72d7bf62-a8cf-4444-80eb-8ee691aced03,a52b007e-3754-4a53-8e14-488265f852a1, this is comment for performance test on perftest environment  we can see the comments later  for small files for second perf test358
368a6fc0-9c84-43a3-8ecc-381d71850179,85,319.5312391,3.002423107,89b9942c-a13f-413b-8136-98b2a1547219,4dd60e8d-287e-4c91-b421-b5b0b7bfdd2b, this is comment for performance test on perftest environment  we can see the comments later  for small files for second perf test359
3f28e3e1-2374-4047-9dfa-e208314d71e7,174,202.9072259,134.2526872,e5e778c0-3e9f-416f-aca2-9204562c03ca,fd50eb9f-e43d-4b12-aafc-b532fa609654, this is comment for performance test on perftest environment  we can see the comments later  for small files for second perf test360
de6841be-e48a-40ad-a272-d764acdfbd64,41,220.45002,64.7154592,70af126e-8ddb-474b-85f7-d63fade85653,53a3d057-de29-44a5-a85a-cdac72de0a96, this is comment for performance test on perftest environment  we can see the comments later  for small files for second perf test361
92546f08-343f-457c-81d7-f1057b79be67,143,210.6816547,35.94597238,7665ec2d-1855-43b2-aa09-74dfc00e88fc,aeb6b820-290f-40b1-aa69-1d1a80986fda, this is comment for performance test on perftest environment  we can see the comments later  for small files for second perf test362
5db88077-d4b1-4758-99ca-d6998cd49950,154,268.1100318,288.7992028,acc42562-3e8e-49b3-9d2f-1195f72b3f23,fcfbc3f7-b5d1-4019-afaa-869756036139, this is comment for performance test on perftest environment  we can see the comments later  for small files for second perf test363
0aff39b2-9069-4acc-a60b-e6add311346e,163,415.0580285,2.825795673,3fdbdc45-1168-4fbc-928f-a9305a38a16c,7030ba48-0b6d-4705-9e1d-4b8e7d06824a, this is comment for performance test on perftest environment  we can see the comments later  for small files for second perf test364
5cb5ddd3-e6d9-495e-9d97-e7716acc90f3,16,136.0119559,264.3509202,063e9aa3-7683-43bb-baab-989392ea6360,863be7b3-1ccd-4aba-a7eb-383b85e0b38a, this is comment for performance test on perftest environment  we can see the comments later  for small files for second perf test365
0d3cafba-c149-4f12-91a5-22ed924f9b84,52,346.1965162,141.2345553,f1fcc5f3-5476-42eb-8fcb-112fbb83c5bf,7c7e68f7-8862-426d-95f9-e4807eccdc42, this is comment for performance test on perftest environment  we can see the comments later  for small files for second perf test366
23f23259-7c7f-4c92-b680-a6121dd90e56,148,439.8932326,217.5131757,9485edbd-af2b-4a1a-bec8-004b4c058bd7,a1d7cf2c-3856-4607-b181-be613bc2b7d8, this is comment for performance test on perftest environment  we can see the comments later  for small files for second perf test367
5cce9176-803a-45ed-900e-74952ed966db,161,488.7103405,250.1079512,962f36f6-4fbd-4716-8ae8-4e871c0b9761,d9d13054-c5f1-4ceb-b94e-538b4b472d3a, this is comment for performance test on perftest environment  we can see the comments later  for small files for second perf test368
0ad1b2bc-87b8-487b-9879-468b4f797a5f,44,128.9020344,267.8589109,2f7ce514-18cd-4fa6-9b8b-d337a9a95c25,bfc82b96-af82-41e7-83df-b06526b927b4, this is comment for performance test on perftest environment  we can see the comments later  for small files for second perf test369
16cb9264-40ec-4945-bf70-3d3ca0ad6360,69,83.76893546,198.5932628,e586761d-ef43-4198-bc7c-365451bdb0aa,309743bf-75fa-412e-8ac8-241703a2eb6f, this is comment for performance test on perftest environment  we can see the comments later  for small files for second perf test370
32f7ef19-780e-40de-af43-49025e5418e9,112,125.7416096,16.75666694,e7029bb9-f14d-4b8b-b2c5-3daf56490f07,af3a789d-3dfc-445e-a96a-056ee2777f00, this is comment for performance test on perftest environment  we can see the comments later  for small files for second perf test371
378d9cec-a2a0-468d-8232-1c45564b401b,75,104.2552937,220.4043562,8b6afd33-4809-4b6a-af58-0f51cb8ce448,f4ceb9fc-ffd1-4759-87da-ebe9aa064316, this is comment for performance test on perftest environment  we can see the comments later  for small files for second perf test372
02a1e3fe-c9c5-4ba4-9e7d-c6a11bf29f85,77,125.7511,153.1464393,6ae483e9-4615-4328-9f4b-50fa99c2412f,70674208-83de-4c93-bc2c-80f67d78a47d, this is comment for performance test on perftest environment  we can see the comments later  for small files for second perf test373
663e5514-bdec-4a56-9987-3e554e4427c4,7,56.409681,13.08108617,193b823c-ef11-4ad6-b034-6707166c0b94,6b676562-c836-4974-8fda-0f20c3276afc, this is comment for performance test on perftest environment  we can see the comments later  for small files for second perf test374
72dd88ec-8060-47b6-985c-139c826b462d,40,318.5434384,256.2802669,45bc0c38-4f4a-4f96-8f7c-48f30679d2cc,58c02ea1-dc65-480e-9d20-acda96015f5c, this is comment for performance test on perftest environment  we can see the comments later  for small files for second perf test375
233d5095-dc3e-4aa9-820a-31d55216f323,95,399.0893326,8.17550431,b5892e7f-3036-4ad5-950e-2f18e5618abc,ccc7d095-2207-4130-99fe-270751c43985, this is comment for performance test on perftest environment  we can see the comments later  for small files for second perf test376
2a50d4e8-f3fe-461c-8102-ecb47c5ab720,149,38.97185854,172.9684697,4852522c-efb4-4297-ab9f-0a779ca58607,06fe7942-928a-475c-9a2a-36138a2bf07b, this is comment for performance test on perftest environment  we can see the comments later  for small files for second perf test377
30614573-edbd-4b42-bf6c-21dfd576604b,197,220.4996836,291.6969633,390790ff-114e-4f8e-b6f2-6563379de04b,fe493de5-d735-467f-8859-9fc0f8db0469, this is comment for performance test on perftest environment  we can see the comments later  for small files for second perf test378
01e1a155-3922-4e60-98af-7ea3d67d4b08,89,57.6437398,159.1722977,1059a7cb-202f-4ef5-8639-134c16ff1a5e,9b481326-266d-4467-bc55-279132746686, this is comment for performance test on perftest environment  we can see the comments later  for small files for second perf test379
af8b154d-6fc3-4be6-9724-b55f3ff46f1d,64,376.4028566,129.7690561,1e36ac04-db35-41a8-81bc-b6090b3bf77d,02e4ece5-9add-4d49-a97d-8df3d2f6ea62, this is comment for performance test on perftest environment  we can see the comments later  for small files for second perf test380
202b1f6c-8416-4c19-811f-2c8f0b88e856,60,354.1828004,14.40789739,87f7d199-39df-4333-aa36-38c21f296b34,f5f950d7-4208-4cd2-b303-4c72142cbb0a, this is comment for performance test on perftest environment  we can see the comments later  for small files for second perf test381
73374006-b5c3-4e68-90f4-69680f901bae,34,288.7145057,108.3005794,7650f350-39d3-4ea9-b842-41d96850ffed,7845fa3c-14e6-4ada-8b8f-f31f2283a228, this is comment for performance test on perftest environment  we can see the comments later  for small files for second perf test382
3952cafb-ee44-4a1b-8fbd-d1cad16cbe66,90,271.6337894,190.9493644,60f3816e-c1ba-4a2b-96e1-0cad681ed1af,258c91e1-1980-4f3b-8d4a-65602d98f26a, this is comment for performance test on perftest environment  we can see the comments later  for small files for second perf test383
1fc02906-25e0-4572-a49e-65f9e58366c8,45,80.33052699,207.5313938,6f48944c-885e-4c28-b103-1bf53de37357,5b35028e-f2c8-4020-9073-cd93b554aa39, this is comment for performance test on perftest environment  we can see the comments later  for small files for second perf test384
5e5ca5af-a4eb-4641-ba5b-ac258c764fdb,2,68.92033685,268.3769757,1d807a56-9334-46c8-bd97-6b5c8440158f,60c5c6a7-18fd-47ba-8101-66c67e79a8e0, this is comment for performance test on perftest environment  we can see the comments later  for small files for second perf test385
efb493f7-263d-4ebd-a6f1-7215af0de670,21,193.18835,121.6249445,a63dd1c2-8404-4686-b5b7-938dc4901233,b074f5b2-8761-44e4-a69d-e3106c81542a, this is comment for performance test on perftest environment  we can see the comments later  for small files for second perf test386
31bd8481-9040-458b-881d-d6c6290df37f,3,484.6588122,14.30953555,b1da8c3d-bc95-41a7-aa26-f8650c2a3266,08a2df4d-6939-4ef1-ae8e-4dafc2269548, this is comment for performance test on perftest environment  we can see the comments later  for small files for second perf test387
5f046a7b-8401-4aa3-862f-094775bcbf23,14,200.106683,233.1476745,e15be292-592a-4244-a506-9af5ec2bf93a,a91eceb9-5286-49fd-b4e2-bb186cfa5055, this is comment for performance test on perftest environment  we can see the comments later  for small files for second perf test388
dbe76ddc-640f-401d-a9bc-56a138fee22f,199,312.885256,172.4489897,b8534d56-8022-415b-8bbc-f428ef0a0e92,4c71d2f7-48c8-4b21-a72c-9991c504145e, this is comment for performance test on perftest environment  we can see the comments later  for small files for second perf test389
e7ea2c81-bd94-4534-9676-ca096a75c060,133,485.9458621,284.4696255,512c8676-1340-4b35-977c-3e790a610b1b,41d12baf-6da2-4093-b0ee-f4c40d37570d, this is comment for performance test on perftest environment  we can see the comments later  for small files for second perf test390
9b7e56d7-8cdc-446f-990e-639918810001,29,5.796471104,274.1753345,0992a711-7d90-4e38-9191-0385edb78551,daffb362-5690-4d85-b16c-c1e0e35bf868, this is comment for performance test on perftest environment  we can see the comments later  for small files for second perf test391
cde2de0c-8f71-45f6-8ee7-88444780eb53,92,485.1077706,39.07091323,5abbd2a5-b2c1-4d56-a0c0-8dba90173cc2,56c020c4-52ae-4dd0-8279-9299c045b4a7, this is comment for performance test on perftest environment  we can see the comments later  for small files for second perf test392
006456d0-ff01-47bd-9942-0d294b19b52e,124,445.301475,156.2468094,08ae67c8-dedd-4914-a37f-ea726ff3e4af,55807af1-078b-4ce2-bc2a-81dbc72f504d, this is comment for performance test on perftest environment  we can see the comments later  for small files for second perf test393
db4c9c59-0e37-45af-b633-8ee7adc171b9,136,326.3056737,120.7379408,2e54c707-5cef-4d03-9335-3a4a52b8cec2,141ee3be-4048-4479-a40f-895aab910cd7, this is comment for performance test on perftest environment  we can see the comments later  for small files for second perf test394
c94ef82b-3ecf-4ce7-afff-f2f3bd7f1870,122,22.32849356,107.6339682,6b70001e-c21f-4b98-9116-f9dadbd07391,e40e1f6a-ce3b-43ef-8eaa-a4e252f4f82b, this is comment for performance test on perftest environment  we can see the comments later  for small files for second perf test395
ebfa6201-41db-4f1d-9dee-2cf83908ba99,158,243.7764245,297.0371551,5a3a79b3-47c4-4581-8454-d463adb84480,af2c3749-929b-429a-b5e7-ef6d1abb30f8, this is comment for performance test on perftest environment  we can see the comments later  for small files for second perf test396
66684e8d-36cb-4a69-8678-a74382acbe64,47,187.1720972,187.6580127,cef47102-fefc-4efd-a4a3-4dc87335f579,d4c4c936-f9ea-42a9-b816-9d14f0e7c856, this is comment for performance test on perftest environment  we can see the comments later  for small files for second perf test397
10de4969-dd19-4bb9-922a-4306bdda4ec2,182,369.5105013,63.68045058,539b4351-08f4-43ca-9a84-e5a24c66df32,8ee863ee-5a23-4eb6-bf2a-5902d4cab5ac, this is comment for performance test on perftest environment  we can see the comments later  for small files for second perf test398
3c09096c-2165-4d1f-8e00-1f7f9cc7223f,117,365.8717678,156.4878795,7f207ebc-b742-42f0-859a-5f2615988715,6833ea96-ca3a-4d96-a927-7344aeca66ff, this is comment for performance test on perftest environment  we can see the comments later  for small files for second perf test399
f179ffa2-14d3-4c7b-b746-8c150363fb61,157,262.4108279,180.9257482,b5cfad21-e7b0-49b0-8cb9-98fc3e5a19b5,5f225e05-656c-49f3-bb79-9a39f8943afd, this is comment for performance test on perftest environment  we can see the comments later  for small files for second perf test400
ee996c60-50a7-49b9-8f71-50f10cbf0b54,22,405.299918,190.3141362,f878d5e5-03f5-466a-ac50-0acc93926908,da4d20a1-86ba-4a5c-a709-43dcb27094de, this is comment for performance test on perftest environment  we can see the comments later  for small files for second perf test401
39f55d98-4aed-4e67-bae1-19eef726071f,140,457.2642337,143.5314634,7216a838-af85-4818-8bad-edbff584bcf5,8abb39b9-c1ab-45c4-8f0f-3da1ece1e439, this is comment for performance test on perftest environment  we can see the comments later  for small files for second perf test402
7f1a4331-40f7-4db7-b768-acd4f0655b60,7,115.355539,296.3590824,1a5d5e89-e043-4f7e-8dbc-252d26f4ba6d,b8706039-31df-4ffb-8e6c-34f935135565, this is comment for performance test on perftest environment  we can see the comments later  for small files for second perf test403
0ee2948b-7002-40e0-b12c-29c9e9addfef,86,214.6657387,277.6103565,c074082c-a637-4199-b8ec-43f7510f82a1,79798414-d1fb-42fb-9140-9ade689e923d, this is comment for performance test on perftest environment  we can see the comments later  for small files for second perf test404
9bcb977f-7d6b-42f1-8578-72a91d846525,18,20.89636434,178.0647494,8ea19aea-ff7a-4f63-b008-8ef548223d9b,2575b20d-5d5c-479a-8183-effdfa4da32a, this is comment for performance test on perftest environment  we can see the comments later  for small files for second perf test405
56201e69-e063-48b7-8c1b-ef5119b6ea65,123,19.15754691,185.6743899,51705265-4226-4c4f-96b1-7a81bdaebffb,b1cb4d38-8ead-4ed1-b9a6-4f0e27a72d87, this is comment for performance test on perftest environment  we can see the comments later  for small files for second perf test406
57276809-64ca-4388-9ed7-db61f9a03341,135,142.7250293,285.6462011,330dc72b-9525-4346-bd1d-712b82f29b45,bcc39473-a530-4c75-b971-3b285d0898e3, this is comment for performance test on perftest environment  we can see the comments later  for small files for second perf test407
9e5d405e-8691-4c2c-8ba4-b02fbe372239,193,39.3499344,103.9579604,b288d0ba-e282-402c-ae73-9236cd8f7afb,f341b11c-67f5-4b4e-8680-9573ec0eaa43, this is comment for performance test on perftest environment  we can see the comments later  for small files for second perf test408
b15c0b3e-5cdf-4cea-aa4b-e8320f7651fe,161,168.4350304,30.59480855,cb5f1f67-45a9-42ac-af85-2e72761c6a84,2951a609-6038-4dd1-a13b-05320b203435, this is comment for performance test on perftest environment  we can see the comments later  for small files for second perf test409
d1fe6e69-2c85-4d9e-bf1a-10639ce1ce6a,48,24.1388451,231.5460109,e3aff84f-048d-447c-b606-f4c4fe2dcbd0,c5dd10f1-51cb-45a5-a3fb-ea0c2e7faaba, this is comment for performance test on perftest environment  we can see the comments later  for small files for second perf test410
a692eacd-b3af-46be-a65d-2e5db241b111,106,196.0220308,180.113724,61023bd9-e254-4bb2-81c4-359d488291c4,cec8412e-76a0-4b63-8d94-0c66173639f7, this is comment for performance test on perftest environment  we can see the comments later  for small files for second perf test411
22b6b56d-9801-4ff0-9a10-0b339fc624e3,166,342.718481,290.7700381,8fe30eed-32d0-4bb7-8ec3-175fb0c4c256,fd5ac6d1-b619-44ad-a68a-1c550ede26ac, this is comment for performance test on perftest environment  we can see the comments later  for small files for second perf test412
b4a8f7dd-230f-4335-8462-59ecce6298eb,183,180.1131184,15.87684319,b072b1fc-adeb-49c0-94aa-189dda35f938,e1ad3f6b-7066-4405-9fe1-71450a5a6198, this is comment for performance test on perftest environment  we can see the comments later  for small files for second perf test413
d5b686f2-1fb4-4486-8d5e-c306b4f5e81e,72,173.238662,23.68900913,ae07de3f-8e17-4c69-a03b-5d79659f8f03,7e481dd3-8807-4977-9bbe-67eb0f0ec528, this is comment for performance test on perftest environment  we can see the comments later  for small files for second perf test414
0b0072ff-0a29-436d-877b-698bb023e7a7,14,150.137159,54.49824705,695343b9-722f-48ef-9458-a4d0dfbdb1de,0aca3211-fcee-43b0-97c0-ee15030a6928, this is comment for performance test on perftest environment  we can see the comments later  for small files for second perf test415
bc8dfcbf-810b-43b3-802b-f8eb74de134e,144,131.9458861,25.2215817,1a6b1bb0-5b8a-43a7-a8de-21e38e7d6274,3d62851b-377f-4485-8da5-d82462481816, this is comment for performance test on perftest environment  we can see the comments later  for small files for second perf test416
bbf41ffe-13df-4a6b-afea-4d81db607465,3,217.8656734,249.8175671,2d225453-4ae4-469b-9f5f-b7becf0aee67,44864d7f-0b14-4bc0-bbdf-974d0187b312, this is comment for performance test on perftest environment  we can see the comments later  for small files for second perf test417
25764eee-8260-4e8b-a3aa-e6dfc5bf68fd,177,298.6811272,3.686237599,8a0aec62-60c1-4f45-8996-33f756e452b5,332c22ef-3427-40e5-854d-47656349d9ed, this is comment for performance test on perftest environment  we can see the comments later  for small files for second perf test418
bfe03d2a-2231-40a8-95fe-e20837003151,152,138.0481533,21.24711708,80788446-4236-42a4-a312-3e650df17e26,d6f83e8c-1a9c-423a-bd4b-3c6054dcf7bc, this is comment for performance test on perftest environment  we can see the comments later  for small files for second perf test419
a53df8d9-cfc1-4d2e-addd-770a1f9986f5,15,108.8301453,202.2406118,e62b5885-fb50-47b1-991d-0ca1af9d7156,50b76404-87c7-4d3c-b204-df89998a67c5, this is comment for performance test on perftest environment  we can see the comments later  for small files for second perf test420
e1046f3d-aed1-4c58-9b7d-d3c0fc88fb38,193,418.3351203,171.2512059,9dc99695-772d-4021-ba9d-dff70c4221d1,3e6fb6b9-557f-4f9b-97cc-6e9197f082f4, this is comment for performance test on perftest environment  we can see the comments later  for small files for second perf test421
c61710f0-46c8-437b-a395-29924f267c7a,19,130.3168903,157.1594739,2107b404-7867-4063-be86-a5658754e6ed,e1fd1919-204e-4e7b-9319-806530b52955, this is comment for performance test on perftest environment  we can see the comments later  for small files for second perf test422
8f9ededc-2fa3-42ac-9fd5-a5a8a6163f7f,66,404.7529527,238.3603118,af553613-ffbb-4270-a680-1d1b92f88227,d481a045-80cc-44c0-ad0f-038a81a22418, this is comment for performance test on perftest environment  we can see the comments later  for small files for second perf test423
4d6d1949-c905-48d9-99de-4a4439d93d00,163,347.0152721,22.28227034,61531f15-92b8-433f-8c0f-480ba4bba615,9ad2acfd-e380-47e3-982c-3bc4db750aa1, this is comment for performance test on perftest environment  we can see the comments later  for small files for second perf test424
3ac398ca-bc41-44ee-9dc1-5164f0acc33b,60,256.5302441,1.350160216,d3e15ead-77e8-4b60-a031-08b914e1ecf1,186cc919-2270-49ed-abdf-29917b5bc0a4, this is comment for performance test on perftest environment  we can see the comments later  for small files for second perf test425
1daf8e02-1e46-4fa2-90a0-57b032f2f972,32,207.9877107,3.589663796,da2df75a-6aff-4846-b3a8-106347908865,97f94602-e3d9-4ef3-a483-7f2e9727b38d, this is comment for performance test on perftest environment  we can see the comments later  for small files for second perf test426
738da07f-620a-4c20-aa39-b0ad5c786b04,190,402.3761654,153.2868535,bed85af2-8d4d-402b-a903-66b53cf7f315,7c3b462c-c3e7-4dc9-a0cc-9327d13a9d71, this is comment for performance test on perftest environment  we can see the comments later  for small files for second perf test427
d9004198-d597-4def-a483-9cb0d0c61380,133,442.1340137,88.08846848,4fb52f83-39d4-4a9d-8f78-99437359fd6a,c73ebb3d-8027-4129-91c5-e380430d07c7, this is comment for performance test on perftest environment  we can see the comments later  for small files for second perf test428
9460507c-41fb-446d-b5cc-4f4ecd57620c,80,471.1158206,250.566243,6780773e-808d-4783-a95b-981af97dd977,5de81590-7251-4e71-89a0-512bd9c455de, this is comment for performance test on perftest environment  we can see the comments later  for small files for second perf test429
e8099203-787c-4f1f-afcc-7e07fa67a343,30,257.9839155,270.4147639,44c5aebf-3910-4cb0-94f7-36311434c33d,68666fe2-db42-4097-915b-4a235ef8d196, this is comment for performance test on perftest environment  we can see the comments later  for small files for second perf test430
2d14bc65-24b9-4d1f-9dc2-becfddd61908,63,368.0716337,237.9324435,e8bf70e6-992d-493d-a068-e52848635bfd,1189df3a-ad70-4508-9ee6-370e2e9f761c, this is comment for performance test on perftest environment  we can see the comments later  for small files for second perf test431
747b7b06-f111-4bfa-87be-0721469c2f54,182,162.2598504,296.2858384,c320bf04-0e15-416f-a180-fc3138277654,e02838c3-2c63-4806-be1b-f063f108ce55, this is comment for performance test on perftest environment  we can see the comments later  for small files for second perf test432
546d75cc-ec99-4bcf-8b67-4d7201918a41,72,328.3563664,33.38401067,dd007d73-8336-4e54-924b-96a12c7b6afa,95baafaf-d016-4582-a683-98109db516bc, this is comment for performance test on perftest environment  we can see the comments later  for small files for second perf test433
e769d561-a66c-481c-98e5-34c138b3d5df,108,313.1812444,10.68559059,64f4ebea-81a6-4a4b-a2c2-d73348d57624,d4534fef-0723-4fbf-a603-a28d32ac4470, this is comment for performance test on perftest environment  we can see the comments later  for small files for second perf test434
c570d7de-afe0-4413-bee2-92ecca7e7f40,87,396.363697,231.0656756,d6b84e05-a6c7-4edd-936c-3955a4602012,0fadf726-9638-48ac-8337-1da4992081fe, this is comment for performance test on perftest environment  we can see the comments later  for small files for second perf test435
1150fc72-d2cb-4290-a759-f12da1bd4d6b,21,235.9213292,191.0612676,a57f0496-dbef-4d2b-9464-378c4813f71e,901d43e9-4799-4b57-859d-41722e7b7663, this is comment for performance test on perftest environment  we can see the comments later  for small files for second perf test436
db07926c-1440-4c33-b736-3b64a0323832,82,232.694202,51.46039369,35d5d680-35bf-47f8-9d3e-e8d61265d926,42ccebcf-8795-4cd8-be40-e6c937f262d8, this is comment for performance test on perftest environment  we can see the comments later  for small files for second perf test437
3f795c8d-8164-4041-805d-c09ecc75510a,90,239.7448782,21.50939593,a7d23e4f-6a50-492a-b72b-4e6a3b9118b6,84032743-1db5-494e-b27a-299f3cf8dc5e, this is comment for performance test on perftest environment  we can see the comments later  for small files for second perf test438
898d4857-7cd0-4a14-aba1-9475a9577275,65,334.4640584,218.765405,bda52055-d90c-4afe-85c2-5cf3741d9266,256822db-c550-4b29-8c04-2ece9d9175a6, this is comment for performance test on perftest environment  we can see the comments later  for small files for second perf test439
2c205714-1300-410f-9465-2247523ccb81,37,196.6698054,46.66612829,0ba0d74f-0bc2-4af3-870a-e43b5cc26855,8642e186-5340-4ebc-b26a-9f13fc218d1d, this is comment for performance test on perftest environment  we can see the comments later  for small files for second perf test440
77444dec-679f-46a4-b57d-f99910670c22,139,219.7743857,9.143060312,148bdb19-a3dc-4cc1-b9e3-2ecb0e56455a,62085b69-e587-4775-bff3-1d40cb5b6752, this is comment for performance test on perftest environment  we can see the comments later  for small files for second perf test441
cee638d5-f22d-45db-bd27-9f5365ab23d5,190,138.4638659,196.5847961,ff1bc9de-ec90-4588-babb-5bafdfad6d88,1eaf587a-0874-4557-a262-a1e5cf738102, this is comment for performance test on perftest environment  we can see the comments later  for small files for second perf test442
ad76b5aa-85ab-4493-9de0-fe9430508646,59,192.8708631,51.03252722,7b5c224f-e90f-4315-b532-277779b59f98,e9eed529-edcb-4ea6-9244-4116465ab451, this is comment for performance test on perftest environment  we can see the comments later  for small files for second perf test443
8e051aed-1837-4d57-8acf-5997cff000b9,5,156.8048348,273.13708,9e206b23-90e3-44d6-98d7-778f4c466023,e59be593-83a9-424b-9569-8911a5540605, this is comment for performance test on perftest environment  we can see the comments later  for small files for second perf test444
a189c10b-5e45-4081-9db8-cb25f750ffed,135,192.4356843,231.9026685,f0d10c4e-86af-4e91-b669-a71dbc788fd9,36610be8-bd88-4e14-b12d-468fb6b02ac7, this is comment for performance test on perftest environment  we can see the comments later  for small files for second perf test445
40f16ce9-7d5e-45b3-bba9-fe6696b4556d,27,315.8301765,100.3313133,69d102ee-cdca-4e7c-a727-19fb41aa17de,bf673947-7292-44f3-bfbb-8ba53ded0a1c, this is comment for performance test on perftest environment  we can see the comments later  for small files for second perf test446
3611ba44-5a91-4238-aa3f-99a908c5ea5d,129,174.2008815,13.29477045,5022e410-8c6e-43cd-8961-b2e65cf72c90,6e81c954-ced5-47c9-b545-949f2b3e5acc, this is comment for performance test on perftest environment  we can see the comments later  for small files for second perf test447
7ab165f4-38ad-4c53-80f1-da874b1d84e5,151,8.350017465,295.3829186,6007a2e4-7a73-4e9d-bdf7-d764e56f607a,df83f734-2c9f-4c61-ba1d-10f09995fe51, this is comment for performance test on perftest environment  we can see the comments later  for small files for second perf test448
0ec7b7d3-0670-450e-8683-df848c42abe7,48,381.769321,167.8823798,fd062c19-3d3b-471c-8da1-c5cb1669b7b3,bc51f359-b48b-4382-89c1-7bd9b337165e, this is comment for performance test on perftest environment  we can see the comments later  for small files for second perf test449
e95d01f9-3d35-47f1-b25c-80c490b4c4ee,201,168.9022412,283.4406834,9d1e7901-2394-4e3e-bdb7-e4249aaef2ed,c4d116b8-6a79-444a-b8b5-2ec85f521648, this is comment for performance test on perftest environment  we can see the comments later  for small files for second perf test450
7d762c4d-201c-46a0-9da5-5234fe3588d8,152,380.7255798,145.2635824,6bf0ec43-510c-4e3b-9f56-d78b34a9dd98,310b3f28-fc56-4e7b-9eca-03ecccdc169f, this is comment for performance test on perftest environment  we can see the comments later  for small files for second perf test451
2e860c87-1c2f-4344-b41d-97a354e4774d,195,346.735147,139.6737598,2618e4fc-2a7f-4c44-a6e9-f22c7210ee85,956adfc6-0bb0-4633-b07a-a8d84bdfe053, this is comment for performance test on perftest environment  we can see the comments later  for small files for second perf test452
c6a34f88-78fc-4fae-8c48-5b8a5d84f9ae,118,433.8036311,65.56075633,f553256e-12ea-42db-9b30-914d5427346f,527fe2c9-47e5-4ba5-85dc-dc79f9914a68, this is comment for performance test on perftest environment  we can see the comments later  for small files for second perf test453
7440e584-8264-4f09-ae45-2c3cc86829c9,145,398.7936852,170.1264425,9e9b8d57-66ed-45ab-8a10-b0c7e8094378,49a70968-2183-4d02-983b-7aae2e431c5f, this is comment for performance test on perftest environment  we can see the comments later  for small files for second perf test454
8f05532b-4d80-4cd8-84bb-1ccb4fc7edc5,75,265.4760408,226.4577805,2d887f54-fc16-4cde-a921-ed9800350fb1,27def85a-832c-46fd-ad46-e3fc701a16d8, this is comment for performance test on perftest environment  we can see the comments later  for small files for second perf test455
03dcd44e-f483-4099-814e-e2854bb2c6e7,42,381.87884,173.5805196,1d25d357-222d-4dff-996f-2ea722fed79b,006d6e07-457c-4de7-bcd3-e49b5e094702, this is comment for performance test on perftest environment  we can see the comments later  for small files for second perf test456
f5e790ba-bec8-4f6a-91ab-f7f621868b87,113,237.7054672,36.44223773,cd45836f-9dc4-41be-9c63-3a0e5d6f9443,86110c73-5115-481d-a5b4-755e95e58fce, this is comment for performance test on perftest environment  we can see the comments later  for small files for second perf test457
c386f216-8d08-45bd-9a12-5bba2e8d6be2,56,460.303766,35.92250742,b66955f1-8e7c-4b5b-ac05-09c3bd75aac6,3d21c984-5079-4917-b461-5d7cd121c9b1, this is comment for performance test on perftest environment  we can see the comments later  for small files for second perf test458
b313d17b-f346-4b65-abb5-715e6d2357a7,119,443.051408,127.6888361,501312ef-086e-48cd-96d5-c5057a63fa8d,58137179-54b2-4386-9ea5-521d37c48d96, this is comment for performance test on perftest environment  we can see the comments later  for small files for second perf test459
2f87ab10-8928-41fb-b085-7d13f907afab,75,242.4792658,185.5493597,0afc8cf5-7386-496e-b2d9-4d59b2a9d6ed,508ffe67-ca64-458a-8449-680d89259d51, this is comment for performance test on perftest environment  we can see the comments later  for small files for second perf test460
30487ed0-f137-4064-acc8-5c3a69a9149e,159,123.5956472,30.73242474,671cabff-8ade-4e84-b800-013c934db6c4,b3c5d797-1a8e-4681-a316-6b5b4ae0d614, this is comment for performance test on perftest environment  we can see the comments later  for small files for second perf test461
6eb1cfbb-1ae4-4f65-9cf6-c113b307f09f,91,69.75670974,61.58069287,04f7f1ce-a759-4996-b4bb-0cce28172b92,862ec9a9-2664-40cc-8ec0-258659fe5dd5, this is comment for performance test on perftest environment  we can see the comments later  for small files for second perf test462
62c5a9f2-c799-4d1f-bd3a-ba1323c61972,181,74.41008478,260.9085738,b485f4a6-0a71-44cd-bbc2-f1ee18b714d6,00d48eb3-6975-472f-bb7d-b6a2b3a78f10, this is comment for performance test on perftest environment  we can see the comments later  for small files for second perf test463
e6c2fd6b-f483-4956-a5b6-c83b416de13a,190,392.3086538,258.5576013,37c69796-5468-4b40-b389-d02736ecfa29,4ed9a407-762a-451a-bc8f-146b8bc5fb99, this is comment for performance test on perftest environment  we can see the comments later  for small files for second perf test464
6370d42e-1302-4afb-a569-417fb2d5dd6c,43,367.1580896,176.1231925,5a95027b-6def-475f-992f-cd432f0bb79e,749fa142-85ac-4b66-b84e-b39731478ed0, this is comment for performance test on perftest environment  we can see the comments later  for small files for second perf test465
8c9a697c-9d91-4546-9a44-474a0903ad5a,82,429.5431201,293.4412649,d9f0f70d-1bca-46d4-b525-2398735fff88,e3a8ae54-ea94-4649-9db8-752ccc88852a, this is comment for performance test on perftest environment  we can see the comments later  for small files for second perf test466
22dbf597-6f23-46f3-8da1-e3f7922bdc81,138,184.9423122,46.04991042,3bf05121-a2ea-455c-ae26-c62b7fcf327d,fbbab353-21c2-4e53-bda2-41cdd923c054, this is comment for performance test on perftest environment  we can see the comments later  for small files for second perf test467
89dd5c0d-cfd8-404a-8632-ca320f9133dc,95,362.1706332,288.6840784,12bf8db1-e8ef-4572-b5d4-5b59fbb8d03b,b6bdca34-5afc-47d0-ac5f-fca5f8885400, this is comment for performance test on perftest environment  we can see the comments later  for small files for second perf test468
1ea658f6-a2ae-4887-9456-96d0cfbe5c09,191,44.17926363,255.1057582,9f425a48-404e-49be-bd4f-e830114bad2a,7180f751-8922-4e8c-8277-250000d6bcdc, this is comment for performance test on perftest environment  we can see the comments later  for small files for second perf test469
37410ec4-9064-4797-b844-c1ee78abb898,116,86.15705603,163.5999339,486267da-859b-4310-be6a-8db21fb9705b,cd2de21f-a47b-4055-b29d-bcdc9a37cc56, this is comment for performance test on perftest environment  we can see the comments later  for small files for second perf test470
930e6df0-7b7b-46f2-9fb2-0e36c2ca701d,60,467.0174675,52.84746501,ead30ed1-58ff-428f-972b-04ae736861ed,3cecd8a4-8bf3-4d90-958b-c1b7d9fbd1eb, this is comment for performance test on perftest environment  we can see the comments later  for small files for second perf test471
36750d1f-8407-43b2-b00c-a44e3b0c1851,28,157.917779,223.938971,e13fcac9-99c0-4a8a-abe4-00641b9db2d3,43939fc9-8cac-4a7a-b69a-22aa740647fe, this is comment for performance test on perftest environment  we can see the comments later  for small files for second perf test472
21c0de79-681d-4a41-a3f0-70f9abc65017,94,180.986556,124.6478453,ec93be45-4888-40b2-a8ac-19c2bff5f44f,a4446b4a-07c7-4933-bf5f-b07482f58f8c, this is comment for performance test on perftest environment  we can see the comments later  for small files for second perf test473
53964f00-3ec5-49b9-ba4a-11990db71906,168,18.69869699,224.2688849,42613387-7e46-4293-919e-49d32dc41f59,99074081-e865-4174-8c3d-b35783fb7aa0, this is comment for performance test on perftest environment  we can see the comments later  for small files for second perf test474
a68e8c07-d3bd-463e-a1ee-b319ab8e8aa4,99,356.9687317,168.1046545,66982bea-c84e-4861-960b-ac2d9d08cba8,4693e4fe-451a-4bfe-a578-6a28faa86cd8, this is comment for performance test on perftest environment  we can see the comments later  for small files for second perf test475
25eee202-4e68-483c-8882-a17cd04fe30d,11,33.54003812,251.334485,27281a25-0fd6-4fee-b6d3-e105b8887581,af3f90ae-9ccd-4221-999b-a3a2a296c873, this is comment for performance test on perftest environment  we can see the comments later  for small files for second perf test476
4b3f7525-d490-461c-ae30-7e0e7e754671,190,346.4611656,13.61381164,cef3841a-e3cb-4274-98ff-1c617cef9b14,f7cdf57c-cbc2-4fd4-a468-6a95b90fda8c, this is comment for performance test on perftest environment  we can see the comments later  for small files for second perf test477
59d99f1f-843f-4139-990a-f4999db58479,129,156.8626247,29.9285671,c681be5a-1f84-4cc8-a431-4622d71cabed,460c60fe-0c64-4bef-ad6f-67e192b33eda, this is comment for performance test on perftest environment  we can see the comments later  for small files for second perf test478
b5fbb769-1c60-406d-b757-2b40a9b63f96,95,462.122488,84.47983238,9322d745-c85e-4af0-a03d-8cb8d2e30cab,e1525112-497d-47ba-8cfc-295fe6cd07b0, this is comment for performance test on perftest environment  we can see the comments later  for small files for second perf test479
f5518bf5-d699-4311-b01c-21fe0bfd0d72,76,318.8228085,40.9398535,5bc69141-2eb4-4dc6-8862-5f19a05c6408,98d1949e-86bb-4a2d-9ac5-1ebdf9e698a3, this is comment for performance test on perftest environment  we can see the comments later  for small files for second perf test480
2da4c5a6-7531-4c52-92fb-844b3605d6e2,108,327.8833293,167.9749139,96fc70ce-a768-44d0-be79-99cf97d07123,86380244-f253-4de0-b454-0911cc237236, this is comment for performance test on perftest environment  we can see the comments later  for small files for second perf test481
bb4af5b7-183b-400e-8586-3a9eafc4bf81,84,51.35821425,58.19138715,ec54ec1d-1277-4c61-b37d-e1e2e3ad54db,080e84ee-ab04-4ece-9dbe-f503b2a51764, this is comment for performance test on perftest environment  we can see the comments later  for small files for second perf test482
b49ffde4-547c-44a1-8b08-3c809dd9d6eb,18,245.9993398,105.5942554,16a770d0-d909-457e-9976-5f1faa341a6c,b90d3b60-1e6f-4998-b897-369207b08937, this is comment for performance test on perftest environment  we can see the comments later  for small files for second perf test483
222ccd06-b8b9-485b-97c6-2bea4b074d3b,81,163.4369181,264.550524,bb6a1a89-7469-430b-b6c7-573efc259cea,3a55db8d-42aa-442d-9127-b2839ee056ef, this is comment for performance test on perftest environment  we can see the comments later  for small files for second perf test484
43dd09a7-943b-473b-ac4a-90ab55d83431,155,326.324481,251.6494985,997c9917-2111-4fe7-ac95-4465464f5775,0bd6df4f-3d71-43e5-841f-d48a878fc203, this is comment for performance test on perftest environment  we can see the comments later  for small files for second perf test485
87989099-faa0-4684-b331-c5a872d5c798,6,365.5088616,295.7473949,9aa2fe38-8cdf-4c26-a136-351a01f35cdb,f52a7151-f974-4bb8-a0eb-8edc56c3309b, this is comment for performance test on perftest environment  we can see the comments later  for small files for second perf test486
26a77caf-4e93-4fca-8cd2-5ce0813fe254,186,259.2079495,14.12026756,f4eedcee-a0f8-437b-b316-4a908f697c1b,b714a28c-3909-4c83-94c2-e838ba2f9cf6, this is comment for performance test on perftest environment  we can see the comments later  for small files for second perf test487
b20b26a8-05c8-45cc-bd19-d725c06067fa,96,403.561053,243.6133223,819fcb3c-9280-4d20-a285-72ffc3aa160e,2debd0a5-7cd5-4197-bac7-d08a9787acc4, this is comment for performance test on perftest environment  we can see the comments later  for small files for second perf test488
ed529da3-d6f7-4165-b33c-6ef1c5d8d5d8,171,197.6331547,251.7312136,c36d548a-9e3b-40ce-946d-146dcb4a8e43,bf7513ec-4a6b-4d4b-83f8-fcb324fd2998, this is comment for performance test on perftest environment  we can see the comments later  for small files for second perf test489
6acc8d9e-f882-4de5-8d96-cd4d53ef6648,67,224.4528538,29.33657645,befe5be7-1d15-40c3-a30b-642a11edd11f,22a91a8b-d28c-4eca-9850-e1d9b372fe1f, this is comment for performance test on perftest environment  we can see the comments later  for small files for second perf test490
dfa3efd5-2c89-4600-a4db-20b54969cbf1,195,129.8228183,54.48837452,6c8991b4-dbfc-4d2f-904f-a57bf8f82395,97b1827f-8898-46d0-8cbb-2824fe7696ec, this is comment for performance test on perftest environment  we can see the comments later  for small files for second perf test491
e18bd32f-4cd9-48a2-9bb3-17d373e5066f,157,273.2502031,246.1860326,ee69c5b0-687f-4426-aaad-70a9a0fe3332,547ac964-ae32-4194-8bfd-0cd0f3f8e21f, this is comment for performance test on perftest environment  we can see the comments later  for small files for second perf test492
fad6dd6c-5e61-432b-8342-8e111d32d8e5,176,152.2684606,80.90607081,61d54c66-7364-4d8f-9559-7ed118a7592e,26f7fe48-96d7-4895-8215-29cc43141b7b, this is comment for performance test on perftest environment  we can see the comments later  for small files for second perf test493
07805b81-1078-4cc3-8ff8-60116144756e,71,247.9194705,173.3913115,9d02217a-c7ff-4bd2-b08e-db7c25ad4d98,ee42de61-0c6c-4cb7-93c0-8a9cbdf49e9c, this is comment for performance test on perftest environment  we can see the comments later  for small files for second perf test494
c41e2a00-b258-4ee1-bf49-1a7b7e688f67,81,0.18115285,239.9576441,40e957ef-6d76-46ff-a13e-7af414284777,fa938fbe-7824-4f2f-a4f1-3b4fdc63473c, this is comment for performance test on perftest environment  we can see the comments later  for small files for second perf test495
78218116-70c0-452a-9d9f-8941207c3ce4,175,370.7522987,145.9715316,ddaec8dd-96f5-4d7f-a904-1daa6674725b,dc3ea3f1-292a-4bd0-8871-ebdf7f3c365e, this is comment for performance test on perftest environment  we can see the comments later  for small files for second perf test496
0cb13943-a6d1-46e2-bf29-244a04ef626a,30,11.31680234,217.0271756,aa5baac9-2eb7-4355-a49c-44dab5690a41,169cc0e9-9c3a-4e87-8d46-891c4c93b3a8, this is comment for performance test on perftest environment  we can see the comments later  for small files for second perf test497
2ca42a2f-2782-40d2-a042-165c5e624187,182,303.979396,135.8169339,f0981127-2049-4093-9c9d-468bd0bada31,fc2eb421-9c95-40f3-a9e0-0fea4c171918, this is comment for performance test on perftest environment  we can see the comments later  for small files for second perf test498
daa2e7de-458d-4d50-85e1-c509d5735245,174,117.0540784,105.023988,22980678-bc96-4257-afd3-b2fb501d03bf,9852a9e3-5380-4acd-8b5f-97f40105b2d4, this is comment for performance test on perftest environment  we can see the comments later  for small files for second perf test499
8ee10e16-3a16-413e-a5e0-f54748c54d1a,58,149.8382783,277.8533456,8698d85a-5166-4596-bdce-11f9466b79d8,781b6ed4-754e-4af4-a3e9-6121fb4b3c13, this is comment for performance test on perftest environment  we can see the comments later  for small files for second perf test500
8c6c3ca1-fc5f-43ad-b69c-61639d1f4b94,154,96.98489994,170.1090878,7dd32417-ddee-49bb-a6ea-b6b58b624ff0,d8704565-0947-49ad-96d1-b7e390e2734e, this is comment for performance test on perftest environment  we can see the comments later  for small files for second perf test501
0ca78f1c-557a-4c34-89a2-40f7d4dc3128,92,154.4697676,271.3275302,8504b465-394b-462e-b4fc-6228aee5a9be,9bddbff2-8fde-4514-8112-e7a1e48f87d8, this is comment for performance test on perftest environment  we can see the comments later  for small files for second perf test502
c0b3c61f-7686-413b-9a07-66bf88714c05,159,349.0414294,288.4966647,d1a13cd4-954c-4ed5-a86c-7bca53d8156f,baefc4ee-c919-4b20-81f0-2cb02ca64144, this is comment for performance test on perftest environment  we can see the comments later  for small files for second perf test503
c5b3464f-716b-4e39-ba10-6711ac82fc49,128,237.9492132,173.8713264,661340ae-6469-4ea3-93d3-0e660293c242,d8ae6f40-0975-408c-af3f-327610363da2, this is comment for performance test on perftest environment  we can see the comments later  for small files for second perf test504
4e92eb7e-8d3d-4deb-b602-8ba33ebf2146,83,113.6937762,220.4215332,983f95d8-ccfe-4d78-b719-160ace8d04ec,f2d4c2d7-9fb4-4ae4-885b-538f96449b68, this is comment for performance test on perftest environment  we can see the comments later  for small files for second perf test505
14c44bcb-9fed-45bb-b305-bc7970a2d5ce,54,217.9695671,297.8282928,394b36b1-f6c1-4b09-9c4e-f4425d85abca,f9b6ab37-1d19-40a3-af06-9df5374146f9, this is comment for performance test on perftest environment  we can see the comments later  for small files for second perf test506
ea5c3603-415f-431b-a001-5e1d3950d41b,39,18.80928006,250.0535776,4829d0ed-c685-4311-a3d5-57efe927f2a4,80c07c08-c7a3-4b93-a292-b257ac6189d7, this is comment for performance test on perftest environment  we can see the comments later  for small files for second perf test507
0067ac4b-0d0d-40f6-af36-f865d8e5b791,6,86.57729465,241.2125873,a6708067-10d6-470c-a9f2-69868934ab75,82695ab5-4608-42c8-8d10-3cac2a83e66f, this is comment for performance test on perftest environment  we can see the comments later  for small files for second perf test508
2a6c52f1-79ac-4e1f-b210-777ab9dfc183,14,450.6057722,227.9052637,520e7dd7-eb15-4ff4-8eb3-701822228688,5c99903f-f9d8-435e-b603-c32ef3b7d6f5, this is comment for performance test on perftest environment  we can see the comments later  for small files for second perf test509
efb7bcf0-57e7-4a55-9876-5acd38272912,16,153.2519918,155.5349394,dc4159ce-919e-4eae-862f-239ea63e8e39,d8d4d735-d024-41e1-aa36-d7e9660a7117, this is comment for performance test on perftest environment  we can see the comments later  for small files for second perf test510
9ef314f8-5188-4340-908e-1f93f02993a5,10,98.43373448,293.6915724,c9db8eae-d179-4a9f-89ad-3424fa265e61,00267b9f-5c81-46e2-9323-f863dafb8e91, this is comment for performance test on perftest environment  we can see the comments later  for small files for second perf test511
fac90f1e-e9c7-4de7-82a5-d12bc6867397,26,334.7859252,149.5549159,1ac40b4d-c9e3-43a8-b69d-cef54f218b25,4bc711db-520e-4f81-9fde-b6a22ecd7ec5, this is comment for performance test on perftest environment  we can see the comments later  for small files for second perf test512
1ae3cf46-b82e-4e24-b7f5-9d09ea437627,169,207.998414,272.8008345,094c962f-c739-4435-b47c-8b2d205859e2,3819c5c3-14a0-4c50-b369-7e9704adea3f, this is comment for performance test on perftest environment  we can see the comments later  for small files for second perf test513
a721a302-a884-40f6-a1bf-6a313c5e301b,22,365.0662612,270.8450203,c3a34a34-6f10-4f85-8052-ae64d02e114b,64fe3119-24c0-4958-8494-cd8f1ecf2148, this is comment for performance test on perftest environment  we can see the comments later  for small files for second perf test514
6cf7cbec-5508-4e77-8822-883ceda749de,189,23.63402054,195.2182678,c08a2351-c561-4b53-895e-ecedd920bd83,f7c41c57-a67a-4a1c-b712-68e617b1fd18, this is comment for performance test on perftest environment  we can see the comments later  for small files for second perf test515
00a25123-2c46-42c5-bef2-cba242e76546,159,314.1372911,128.9863149,652a88e8-5670-4bde-ae35-9a803424e5fb,78a027f7-8494-4836-b5c7-c77319199c91, this is comment for performance test on perftest environment  we can see the comments later  for small files for second perf test516
55f0d782-268c-41bb-aeea-3165e5704d6c,68,418.3562756,50.17398732,cff846d0-c544-433a-8b61-c6afbf5a663d,8d5bdefd-f2f9-4f86-b1ba-981bee5ecc11, this is comment for performance test on perftest environment  we can see the comments later  for small files for second perf test517
e49827e5-dd08-49e5-8092-55bc1dbcd97a,94,354.9020635,247.425137,699e64e8-5a09-496d-aa45-825619dbc054,4a9d3ec6-cee7-4e70-8dc0-b3554f729d1a, this is comment for performance test on perftest environment  we can see the comments later  for small files for second perf test518
ca90517e-89bc-4633-b849-f6b0604a8fac,16,137.0725481,207.7876027,c6c0c978-a7f4-44ef-b3ae-dbd51b4a3ae5,8cfbebf6-f1ed-4e54-acc1-23926005c82c, this is comment for performance test on perftest environment  we can see the comments later  for small files for second perf test519
69dc6cb9-4c68-4c3d-b43b-7923bf7520a0,121,342.5340731,141.7361616,e07c0df5-5c02-4605-b196-a1b787fe832e,1fa76df1-f3ff-4e2f-9a95-e317043d8c30, this is comment for performance test on perftest environment  we can see the comments later  for small files for second perf test520
053faa39-e12a-4731-8247-3dfaccd9152e,96,398.3835848,6.939332318,893f1129-0f71-4d77-805b-cf1e70a3762c,fdc86611-614f-483b-855b-fa1b8f28acab, this is comment for performance test on perftest environment  we can see the comments later  for small files for second perf test521
42f1d4c3-2f1b-45da-afb8-e2842d08d759,161,82.06559987,245.5521526,068edfe7-f38c-4f82-83f1-9bc7d1c7423a,b8a19d2c-f64a-413a-b01b-d8d90b6ff3dc, this is comment for performance test on perftest environment  we can see the comments later  for small files for second perf test522
14225a41-244e-44dc-8e3d-29b8f709ff45,11,72.16905289,249.4615099,d0e90948-3b6a-44dc-b1b5-551ab00424e7,bc8d3a89-f340-484a-8c21-0bb216572345, this is comment for performance test on perftest environment  we can see the comments later  for small files for second perf test523
14fc6fb1-c7f1-4128-bda8-9196626bddb3,162,345.595487,181.0901766,5156aef7-6f3a-48c5-a95c-886d49bd1f31,26920676-3260-4367-a161-23119e740aeb, this is comment for performance test on perftest environment  we can see the comments later  for small files for second perf test524
190eefca-ca85-49ce-a262-29e971531574,77,430.3478733,179.0270259,d76ef4b3-66ee-418f-891c-417486f8b0ab,de25be55-0512-40e3-bc9a-b10b6c37e685, this is comment for performance test on perftest environment  we can see the comments later  for small files for second perf test525
ae0c9eaa-b786-475c-b8e7-2392ceb4533a,101,164.9470001,27.44595005,51ff3238-77a7-4d59-98b5-d67b6c05b1ad,f3bc1a4a-8acd-41c7-b73c-7d3f5e021f63, this is comment for performance test on perftest environment  we can see the comments later  for small files for second perf test526
09b3bf1c-b260-4b76-87f1-676459722251,147,237.0205035,159.8858544,16885441-765e-4e26-aaac-b011f6f6c8bb,c0ae7ac2-54df-40aa-a048-2f42b1368b57, this is comment for performance test on perftest environment  we can see the comments later  for small files for second perf test527
22206cad-ef17-4dcb-a100-7271882e0f92,97,407.1756507,69.12316417,bf693164-2928-45de-bcf1-659a3e95b343,7d015197-9f23-46bf-b7e0-071ad73f1c26, this is comment for performance test on perftest environment  we can see the comments later  for small files for second perf test528
f47cca02-f482-46bd-9cba-af74b9e9e638,32,30.2465306,158.5049497,547339ac-054e-44b1-a11e-156fd3c80bd5,88b5c832-412b-422a-90eb-5fac7ccf287f, this is comment for performance test on perftest environment  we can see the comments later  for small files for second perf test529
6df49082-1b7d-49b5-a98b-ac63818b1bab,140,338.7846197,141.1553181,dc0dc838-3517-4bfb-85d2-7da2f4509e66,3b5ca9e3-8042-4186-b179-33d5d221a7d2, this is comment for performance test on perftest environment  we can see the comments later  for small files for second perf test530
b4199345-9264-4b4b-b642-e8a4783b189e,138,453.037976,149.3990163,5ca5be6b-5e75-4eda-b2fc-2fc940fb4b20,b405899c-13aa-4453-8ce4-0aba4c0eca64, this is comment for performance test on perftest environment  we can see the comments later  for small files for second perf test531
a3df6ec0-01be-4f44-adfa-42cb3eca279a,42,85.49609199,71.27008016,dacfc2f1-4676-40f1-ae7d-9afd658553fc,97f50aff-bb96-4513-aca9-52271d5aaabc, this is comment for performance test on perftest environment  we can see the comments later  for small files for second perf test532
3f6efe62-8dc1-4459-88c5-7b728c43d923,177,416.2455195,95.76215093,5e459fcf-bbc7-41ec-aa98-fae80b650326,9db9393f-cd2e-4e2c-98c7-7fb814b379ea, this is comment for performance test on perftest environment  we can see the comments later  for small files for second perf test533
e31b2b69-6265-4004-bb46-facdaf759303,15,94.5325588,188.5078534,8e24ee96-1b0a-4c49-8c4f-ab94cafce7ce,bffe0c1d-9b4a-4bd8-96ec-4c4295fd3e3c, this is comment for performance test on perftest environment  we can see the comments later  for small files for second perf test534
02b3cdb2-4e45-483d-91a4-4935842cf501,81,244.8062027,53.24714809,5c10f8d0-6034-4b1b-86d6-7b351114b443,936d71ea-fc36-44ef-8649-69d4a3f5b7c3, this is comment for performance test on perftest environment  we can see the comments later  for small files for second perf test535
077bd622-c448-4ecf-89d5-7eb058a484cf,13,238.1020884,20.26778647,d4149562-3ba6-4ba2-a7ef-bc052408d134,5e4d94d7-c561-4dce-a0a7-415421fe8a45, this is comment for performance test on perftest environment  we can see the comments later  for small files for second perf test536
ad78aa66-ed71-47a3-9c40-c3507949b06f,169,443.6711895,120.2769095,6e44a50d-0b71-45e2-a60c-0660dc4bdd3d,fc14c779-f4c6-44f3-9ac8-1b371d97e131, this is comment for performance test on perftest environment  we can see the comments later  for small files for second perf test537
306a58af-6617-42ec-900d-868cd139df1c,80,353.6136227,173.7089163,f3bde5bf-e970-4dad-811f-e1860917beaf,31e54d30-f6c8-4d43-9c3b-7a0124ea3808, this is comment for performance test on perftest environment  we can see the comments later  for small files for second perf test538
381f3909-e1ca-405e-ad41-462ac686fb90,170,266.4411733,246.0604685,095dda9d-cefe-475b-976c-d01edc5171a4,f287d8f0-9df7-4f2b-9608-5702c54f8cd0, this is comment for performance test on perftest environment  we can see the comments later  for small files for second perf test539
1831ec89-8715-42e4-a003-3bf8edc9a60d,57,177.4660047,44.63665104,bb6b4fa2-261e-43d9-8ebe-c589388b753c,61bf512c-7680-4d97-9fde-78b7b73fa70a, this is comment for performance test on perftest environment  we can see the comments later  for small files for second perf test540
ca02741d-43e1-427a-95f9-14a99cfa52cb,94,222.5435913,45.03616384,0da48a82-c2c8-4fa3-a704-51ed35bff7e1,5afca1f8-fdab-4357-ae1c-ab21083195ed, this is comment for performance test on perftest environment  we can see the comments later  for small files for second perf test541
6a4b10e1-9ccf-4636-a0bd-757c928e9824,173,385.3903245,258.3740393,dfb5994b-2ec8-4d42-9e89-3c4732e3283b,4de3986f-d9e7-4a57-9712-51d73b733b59, this is comment for performance test on perftest environment  we can see the comments later  for small files for second perf test542
6a4575bf-cb38-462a-9710-488a9f6a4af2,191,385.3654108,167.3505282,a0d771fd-763e-4a0d-a739-4c64c182d1e9,7bb38981-7b32-46e4-a26b-81028fe6756a, this is comment for performance test on perftest environment  we can see the comments later  for small files for second perf test543
ebe340fc-f3d5-45dc-bf54-9d786badd14e,165,229.5489865,27.6326253,7b63df59-49f0-4a8e-82ca-76e04131bd41,b5351796-9f10-456b-9dd8-cd6ad515084c, this is comment for performance test on perftest environment  we can see the comments later  for small files for second perf test544
3e85cae3-dd0f-4806-bbf5-167fcaf24a70,114,380.2212683,104.3406257,72df9892-3c50-4d73-bcb5-f966427ad909,4f430593-2866-4f7f-9e8b-e55fd3765758, this is comment for performance test on perftest environment  we can see the comments later  for small files for second perf test545
bfb87fce-e744-4921-bd12-e357035775a6,57,448.1129017,256.1032156,f6cf0bd7-1627-4977-92c7-64c089c62955,8e7559af-e2e8-47af-b0cd-f20ac8ac1804, this is comment for performance test on perftest environment  we can see the comments later  for small files for second perf test546
5986ce3e-5a27-4249-870a-3b4272ce70d0,54,26.94044273,257.5187276,24793d9b-df3a-4fe2-bcbb-624ca4388c3c,cb2e36a1-91a8-4038-a9f5-1347f14a7e86, this is comment for performance test on perftest environment  we can see the comments later  for small files for second perf test547
7873bfde-cf76-4393-9082-c446aae4068f,127,189.9958241,81.48747282,2ca5cd74-8b0a-42f6-b8bc-f4eab95f4222,917b685b-779e-4c43-b60c-437bdb216452, this is comment for performance test on perftest environment  we can see the comments later  for small files for second perf test548
3ca6a981-bb63-4d78-85d8-cc24fce406de,144,475.1848146,62.52311155,a48c197e-c2c6-4422-98d2-c70041e4294c,ed660392-9714-4b89-bc34-1ffe6692bd6a, this is comment for performance test on perftest environment  we can see the comments later  for small files for second perf test549
ff9a41b9-102b-42fe-b446-0fecbb3a9e54,133,329.9036477,85.15479424,eb1ae0a3-3b68-4e2f-ad76-eb47e05673ad,3b4ff431-c38c-465f-b552-38abfb9a10c2, this is comment for performance test on perftest environment  we can see the comments later  for small files for second perf test550
d5ab6cab-96e1-4b8f-80f1-9819a01d64de,165,12.79019849,105.7220315,10c249bc-ce2c-4e04-8281-790df5b0786c,f5f97c15-0822-4c8c-a11f-4440857a25fe, this is comment for performance test on perftest environment  we can see the comments later  for small files for second perf test551
df1d20eb-07f9-43ba-902c-f6ae1c84a0f5,121,266.8757329,208.7662197,0eb859dd-266a-450a-82e9-2c99fdd994fd,34649985-38dc-46e4-a601-8187c8471e54, this is comment for performance test on perftest environment  we can see the comments later  for small files for second perf test552
0db7f0e6-5b3c-4581-96de-87d703d8a23e,113,408.3185836,22.02558019,67135ae6-a573-4908-8b5e-4a06ec88112c,d51c8bd0-1510-42bb-b6e6-108878e0f174, this is comment for performance test on perftest environment  we can see the comments later  for small files for second perf test553
054c6838-34b9-4533-873c-8765bf9affd8,121,84.01279627,61.35108029,44de340d-352e-45f6-9ecb-c4f4d5527419,e273d1ee-fae9-407d-a940-c3c7ff5efdcb, this is comment for performance test on perftest environment  we can see the comments later  for small files for second perf test554
62638579-ca65-416f-ba88-4e4dea9dd72f,125,301.9187278,165.9220626,fd73f38b-aeec-47e3-935a-cd28f739fb99,50ed5c12-f4ad-44c1-86db-01d36d661dae, this is comment for performance test on perftest environment  we can see the comments later  for small files for second perf test555
b5ad06e0-db2a-4fb3-8e17-8728d45c5f6c,167,364.995528,137.8078635,90b62581-1730-47e7-9633-2e48e945736f,df62e307-bb47-4178-a2ef-c829c6e5841a, this is comment for performance test on perftest environment  we can see the comments later  for small files for second perf test556
14681c84-d68d-430a-9294-d7d618eb2749,111,315.2565591,53.32316292,5532f063-ab7f-478c-8087-2ed78b55182b,579991b8-e1b6-4771-9f02-387aad817372, this is comment for performance test on perftest environment  we can see the comments later  for small files for second perf test557
165a8eba-7705-45f9-9044-92432cc1a226,187,292.1319437,155.0466471,3249ec01-a962-4286-ae25-418a7eabde8c,7f1d28ae-5b96-41b4-8640-39c0cbe3e4df, this is comment for performance test on perftest environment  we can see the comments later  for small files for second perf test558
9810aa3f-4f26-476e-bb2c-0e62cf80c203,129,266.8702869,105.5493718,e130ed97-e592-423c-a351-1b1d62615594,1fd16ae0-43c0-4c44-9f27-14f6b12529ab, this is comment for performance test on perftest environment  we can see the comments later  for small files for second perf test559
543c6519-aa0d-4f03-a8ae-14f553a4a25b,74,4.799528878,162.4769957,092b18ae-5197-4fdd-a42e-a018836faa14,935bcde9-916e-4317-8579-29b5c71dd3da, this is comment for performance test on perftest environment  we can see the comments later  for small files for second perf test560
e9bedc40-adc7-4f7a-bf1c-1434570d262b,53,357.4409799,166.3516793,67f2c960-64c9-47e3-b84c-0b200874aeff,f6770b72-ca17-438b-83d2-9ae158b4e07b, this is comment for performance test on perftest environment  we can see the comments later  for small files for second perf test561
8fc58cea-32dc-4c98-aa64-ad7f499fadd5,178,150.9769082,155.814832,aa3a5bdb-3828-4903-a36b-90eb9d11f1d6,da1e8f76-8d3a-4ee8-ac59-a4f6415e3361, this is comment for performance test on perftest environment  we can see the comments later  for small files for second perf test562
0e3ff39d-56ea-467c-8867-e636216d9818,68,407.1991342,112.4451499,5d8664bd-f1c8-4933-8cc1-de8e33a0ec01,d6d45cc1-861c-4ded-a2d1-0efb47727ecc, this is comment for performance test on perftest environment  we can see the comments later  for small files for second perf test563
7d20f747-83b5-4e6a-9933-7113495abba1,45,278.7341328,87.84065748,cd237ea7-f25a-4ea2-8aac-de77cb1d7cdc,2979a4d4-c573-4bfa-8f52-e898eb096cae, this is comment for performance test on perftest environment  we can see the comments later  for small files for second perf test564
2b319bf3-f78e-4f28-ab04-2a0416dd1c8a,21,60.4989191,43.3878885,44c8f8de-aee4-460e-bc54-b1737d78828b,e79588ec-1b49-4542-a510-df63510d3cfd, this is comment for performance test on perftest environment  we can see the comments later  for small files for second perf test565
0d07b1dd-8d5c-4ca6-a6fb-9001148cc991,60,60.65247055,286.4570859,3a868e0c-b277-4822-aef0-c461279768de,7051abbc-ae9d-46fb-91cb-f48e6a2fec06, this is comment for performance test on perftest environment  we can see the comments later  for small files for second perf test566
1a38105f-c53e-4ddf-8439-d1df6ee9794f,137,219.4110033,100.0980675,2b68002a-e57d-411f-95f7-9a90fce1bb4a,f26aa952-c795-4139-abac-794fd06a6252, this is comment for performance test on perftest environment  we can see the comments later  for small files for second perf test567
158e1ae7-ec16-4082-8a93-debcf91828e7,68,29.69309831,182.8966225,f72f01dd-246b-4d84-9714-7f6bc0de7528,301862ba-849d-4f3c-87ff-fd11559babf9, this is comment for performance test on perftest environment  we can see the comments later  for small files for second perf test568
55456aa2-6001-4cac-bbdf-94270f77fd2f,48,376.3741775,156.7498243,2f553a24-4492-4e99-99c0-50cb282ed3fa,0db3287b-040c-40ef-911d-0f2d7d22de40, this is comment for performance test on perftest environment  we can see the comments later  for small files for second perf test569
30f6ba7c-eb21-48ef-9ffa-95a82d888d59,109,198.4874724,184.0139001,320edccf-8083-45e3-9983-2eaad772604b,0dac51d3-5bff-4e82-9679-06c9d6e4df26, this is comment for performance test on perftest environment  we can see the comments later  for small files for second perf test570
dc50f68f-0e00-4728-821a-6528470498f9,135,306.3079131,118.6743363,7b1d3ecf-b341-4e49-98e6-25ebf7d71b23,c98c7625-3cec-4cda-8695-5ff8b7a543ba, this is comment for performance test on perftest environment  we can see the comments later  for small files for second perf test571
5933b0df-82e5-4023-abfb-08be49b69fe0,183,389.7728503,169.1157885,71941b34-52c8-4675-b107-d7013f0d891f,250f8c26-ec9e-4320-b102-f430cf7fdd3b, this is comment for performance test on perftest environment  we can see the comments later  for small files for second perf test572
5b13cc68-1665-4e00-9f8e-c49429e54568,11,470.3589679,101.2275161,cdfe17e8-8f86-4b4b-b2e9-20390028962b,311b9ccd-026f-4102-a1fa-40012e0399ae, this is comment for performance test on perftest environment  we can see the comments later  for small files for second perf test573
54514f52-37a5-4c4f-b164-e1daabd418de,6,289.0792435,219.6554072,b869878c-b5c5-465f-93ed-e1fb78e063e6,665328c0-a4a9-4112-bd09-e0203a2589b8, this is comment for performance test on perftest environment  we can see the comments later  for small files for second perf test574
e38b0c8d-811b-4394-9516-6975e0c1fb83,189,219.3122107,99.94478416,86d3e453-22c5-4f86-a2a1-293b4a38d45c,537f4f8b-9c02-44a5-91c6-7df318720a06, this is comment for performance test on perftest environment  we can see the comments later  for small files for second perf test575
6f80954b-bc0c-45a5-a7f4-5f782be51ae6,122,443.0555535,29.32339811,818e1c01-1e1b-41d1-b460-15819cec3e76,b5d25ccd-b9e9-45ca-a1d2-0deb3a5c7a6e, this is comment for performance test on perftest environment  we can see the comments later  for small files for second perf test576
1db1bc9f-8fe1-455c-9322-1f41d7af37e6,58,355.7519134,180.8222633,29aa5fd9-da7f-4f93-a1e0-2b4a9a076222,3392effb-f793-4c10-bd94-73f1e7212c7b, this is comment for performance test on perftest environment  we can see the comments later  for small files for second perf test577
6b85de9d-63b7-4857-be67-368f96c3f16b,165,430.2125069,61.65397778,cdb8da14-4fce-46d8-91cc-3a7491f10279,998046c7-8783-4c30-95fe-002a2ff5c908, this is comment for performance test on perftest environment  we can see the comments later  for small files for second perf test578
469ecdab-3128-4ee4-9777-4a987508def9,148,484.8655188,237.9428749,3a241935-812a-4598-af0f-9aec9a314958,25f0912c-c15f-4265-bd28-1cb9caacb080, this is comment for performance test on perftest environment  we can see the comments later  for small files for second perf test579
e5f026c1-9340-4fc2-85dc-c58dca68828c,21,73.50088077,105.3301538,3bd0e538-da90-4d4b-a980-2ca6bc59ffc4,367dd9b7-dc46-4561-bdca-50c817a29acd, this is comment for performance test on perftest environment  we can see the comments later  for small files for second perf test580
e17e5f6a-9f39-4fb7-9e44-d5f66a85ea9e,175,417.3254934,102.165781,36ee18ba-790c-4e15-8269-a9d37d0e012a,c7ce81de-dd5e-4848-815e-6639abe7f750, this is comment for performance test on perftest environment  we can see the comments later  for small files for second perf test581
670cb91e-c816-46ce-b91c-8961092aaa95,173,405.1182286,296.0902302,8bd30801-15d1-480f-9197-0c39e1f4e938,07996b29-d4d6-47d2-a436-12c2e0cb6d69, this is comment for performance test on perftest environment  we can see the comments later  for small files for second perf test582
f9d7d0e8-2ee1-4196-9eb5-57070527cbf4,147,270.3926539,134.0434053,3fa9bf9b-700c-4878-8a9e-78e0a85d92db,04f372a5-98e8-43dd-abeb-4698d3b69bb4, this is comment for performance test on perftest environment  we can see the comments later  for small files for second perf test583
8ba9361e-6f26-4bd5-ba59-c2bb591b3423,123,28.26560894,64.73631491,c9886ca4-1ce3-4620-9a8a-4930e08536d7,68082f34-7c88-46ff-a6c1-69a0ca91916b, this is comment for performance test on perftest environment  we can see the comments later  for small files for second perf test584
41f3040c-32a6-405a-9723-f111bfae2a88,53,80.11892619,242.9083326,e1e847bf-8d41-4120-b796-2d08fa5c17b6,9c4232b0-35b2-4941-afbd-a2f57b44d1ed, this is comment for performance test on perftest environment  we can see the comments later  for small files for second perf test585
d2ddcb8f-6099-437b-b86b-e8a60aad02ec,119,404.2140104,8.518189468,a071c12b-f582-4040-a70b-039bf6a064e1,e249351b-e0a7-4780-885c-1c7b0e5597ab, this is comment for performance test on perftest environment  we can see the comments later  for small files for second perf test586
57a74722-8ee7-4949-9629-b07ca16dd59c,145,196.5902164,15.13177157,06102f9f-afb5-4e7a-85ac-96ce239879bb,28fd7733-fb49-42c5-8c9d-9568dcd8d150, this is comment for performance test on perftest environment  we can see the comments later  for small files for second perf test587
9df72a91-a141-42b4-9d71-c8c31cca9332,71,367.883561,257.4684732,30b20f6d-f76d-4447-bbbb-39b0a773838c,274fcd72-4f94-41b6-b935-6f6756056774, this is comment for performance test on perftest environment  we can see the comments later  for small files for second perf test588
88795115-64d4-4923-9540-3bf438ace1dc,121,392.2786003,182.408013,aa7fc7ae-9941-46a7-a6c6-0eb40aebca1a,6f573f73-d6fe-4789-bad8-2ca1fd4a7422, this is comment for performance test on perftest environment  we can see the comments later  for small files for second perf test589
1806d353-df32-47b5-a04e-0e93b893ec5e,123,494.0183505,196.5145009,73dfd52a-9d51-4398-9107-3625eb775aaf,86591a87-46cb-40ee-ba9a-3ba398e50559, this is comment for performance test on perftest environment  we can see the comments later  for small files for second perf test590
bc81c9cd-a2cc-4999-bcf3-19ace9db14f9,4,400.9439531,166.6394866,6eb6777b-7f7d-4658-8323-663bba1d8808,3d5bf4f3-e832-4202-84e2-39f045358e2a, this is comment for performance test on perftest environment  we can see the comments later  for small files for second perf test591
7317e709-6fb6-4783-80ae-9eb927966591,13,287.7267827,50.87033553,0cace50d-cf78-40eb-a787-6046c148ac83,11476727-31cd-4be8-98d5-2419b4271fd4, this is comment for performance test on perftest environment  we can see the comments later  for small files for second perf test592
0ba47ddb-7c62-481c-bc36-36190760de60,61,99.75086045,104.2213125,a3f9472f-794c-4810-bebb-1802174e0223,d7514464-5211-4c75-a286-2630c80109b3, this is comment for performance test on perftest environment  we can see the comments later  for small files for second perf test593
bf35d589-5950-409e-b402-b123f1da27ed,110,7.356574527,127.8609343,654f6c62-955c-4eb1-b9dc-cae15b94accc,ce888c3b-d232-4f0c-89ff-3260cd8bc6b4, this is comment for performance test on perftest environment  we can see the comments later  for small files for second perf test594
71bf4772-fb2f-40df-8e9f-61cf69dcda31,101,102.3986562,108.4517626,c55df88d-3f45-4196-a070-39ce14d0f31e,88ac3b0d-187d-46c4-bc48-bc992c99e8b6, this is comment for performance test on perftest environment  we can see the comments later  for small files for second perf test595
a52abe22-6e10-4b27-b558-30a006d00442,79,280.0318568,128.5557372,875fe9a3-16fe-44a0-ae99-9a9c74d24187,d7504bca-ef4b-483a-9207-be401302fc11, this is comment for performance test on perftest environment  we can see the comments later  for small files for second perf test596
e7c89941-ac4b-424f-9c8f-7ebf70dccb7c,21,396.5886604,105.1880722,27ac3442-816f-44b1-896d-2c7094a0020e,ba171d0f-2ce8-43be-89ed-0a53951f4fb7, this is comment for performance test on perftest environment  we can see the comments later  for small files for second perf test597
fdd8a43d-a884-40ca-90af-e6a86140371c,94,287.2775957,82.05837636,40fd93d0-2199-48a5-89f2-1df1b346cf6c,69b81ce2-5fa0-4907-9fd8-d1f5b526c4bf, this is comment for performance test on perftest environment  we can see the comments later  for small files for second perf test598
7d400084-624a-42d3-a358-5a4a5203c32b,197,108.9988039,181.0487356,f31ce75c-4b4e-4af5-b26e-ea1d693dc5bd,9b347283-f268-4764-9bdd-14980cce30fc, this is comment for performance test on perftest environment  we can see the comments later  for small files for second perf test599
ff21dce4-3d0f-4f3b-96a7-36b79fb8c738,33,262.5137513,262.7436575,37fa3fc1-0d1a-4373-92c7-2303286c8465,4a54339f-3f62-41b0-b0f9-af009164f2a9, this is comment for performance test on perftest environment  we can see the comments later  for small files for second perf test600
b219eaad-46a1-412d-ac7c-492f098e5a6e,111,437.4656983,274.3218651,ad513ea5-150b-4500-954a-bca7cc5c6104,82919b76-d63d-4a62-8bf6-341cf5e111b2, this is comment for performance test on perftest environment  we can see the comments later  for small files for second perf test601
93bb92c2-51df-4182-8637-5eee6e953ca3,157,397.2757932,13.94508856,36a9a68c-9cc5-4134-a886-bd38f631cb2f,3b347c45-256b-4ae9-ab6b-610e66010d34, this is comment for performance test on perftest environment  we can see the comments later  for small files for second perf test602
7a042d6e-0034-4aaf-9e24-b8a49c245823,48,449.0877145,1.722182861,b2b68815-51b1-445e-bc0e-d121f772d163,ea336d20-7dbd-414f-9557-4350a550299f, this is comment for performance test on perftest environment  we can see the comments later  for small files for second perf test603
ecea4678-6a60-4aa1-bd3f-13d1cd9cad58,105,128.2029053,122.4318698,eb95f460-6106-4041-b9c1-63306db87762,9a747767-179e-4266-837d-5c2fb962ab09, this is comment for performance test on perftest environment  we can see the comments later  for small files for second perf test604
0e0418e5-e8ba-4779-8c90-9a852f6a8b62,165,398.6988209,36.25980023,0e6bf52b-5b4d-450c-8479-d577a574e596,21ce6244-39c5-47fd-8d56-26c7fb8d666c, this is comment for performance test on perftest environment  we can see the comments later  for small files for second perf test605
2ad30830-2b9e-4041-85ff-c791d1bfb847,185,12.4636288,157.3908371,ba92f952-643d-4ede-966a-c4ac7c190e94,339b1dea-07c9-4b00-bf78-2f64cf0cd68f, this is comment for performance test on perftest environment  we can see the comments later  for small files for second perf test606
5f955f9d-58b7-4bf6-932d-8cc3d1118231,81,92.29756723,96.31513467,f2f244da-b134-4e08-aeed-ed751cd7d900,a186c51f-d352-4d99-9b42-8d716813f968, this is comment for performance test on perftest environment  we can see the comments later  for small files for second perf test607
bad670a2-9972-4960-b350-c8809cb63e1d,54,171.6292777,60.5274547,850cdd8b-29b3-4b3c-883c-3f69632792ed,f0e23664-7f08-43f8-bdf5-717fc0d13af6, this is comment for performance test on perftest environment  we can see the comments later  for small files for second perf test608
273b53d7-8966-4afc-b9df-37ab7b85b5b0,124,370.6610656,288.693858,e60ce46f-2b2e-4fa3-b4e2-37ce25f53a68,698cbf5f-aa80-4247-8d87-1b025efa314f, this is comment for performance test on perftest environment  we can see the comments later  for small files for second perf test609
56fc1bf4-7896-4aab-8990-f150c35bed00,190,230.2659603,144.3631033,51c9aed5-8e94-4961-99cd-b5928a47b66a,bb669ac3-38d7-4bc1-a83e-98aa6cdacdc3, this is comment for performance test on perftest environment  we can see the comments later  for small files for second perf test610
33744d32-7190-4078-a76f-190fefc8fab0,174,59.0820089,210.6622523,61035bca-8eab-4624-8e6a-ce88c9036c9a,555d3835-37ea-4d48-9841-3901fc4fff33, this is comment for performance test on perftest environment  we can see the comments later  for small files for second perf test611
2e51c96a-2216-4801-a3aa-a614d240b3da,175,18.84074207,231.93923,665c3baa-a71c-45f4-89e9-e680875bfde0,9c5b876b-30a1-4717-abee-fe497d2f4f68, this is comment for performance test on perftest environment  we can see the comments later  for small files for second perf test612
2c094f31-f53b-4eb6-b771-d5eb8cf153c7,99,157.9255955,200.9985521,d35bb27d-bfb3-4371-bfd2-d566f3c163f9,16fe266f-cc58-4481-b4b3-d88a60a6b927, this is comment for performance test on perftest environment  we can see the comments later  for small files for second perf test613
92ed48c8-5c8b-4aa9-8e07-f710003fda3e,143,485.0082837,150.110462,6e1d91d9-16ac-4ec1-9e92-fede07b1f4d7,0aebbf79-7425-451b-adcb-617b5bf5caf7, this is comment for performance test on perftest environment  we can see the comments later  for small files for second perf test614
bd4481ab-8d1e-46d0-b333-83029949d89f,187,96.93784027,157.7643014,dc4b6065-e999-4d15-a7e9-6ffce860851e,ee2553f3-dde1-412a-85fa-968839e94212, this is comment for performance test on perftest environment  we can see the comments later  for small files for second perf test615
dbe032c3-425a-43b6-ab28-e567c694c581,58,32.98113523,231.6487861,862c06ca-db21-4b22-8eab-0c49319beb68,f19d6df0-d336-4a92-b9f7-918261a4013b, this is comment for performance test on perftest environment  we can see the comments later  for small files for second perf test616
7baea8bf-8449-4a71-9083-a4c188705b94,47,153.8116432,182.1880342,a6fb8809-c84a-420c-a313-ea07ea55d3b1,c75b15a3-599d-4316-bfc6-12689a8317b3, this is comment for performance test on perftest environment  we can see the comments later  for small files for second perf test617
bb834768-645a-4f4c-ad2d-99e7e1a3323d,64,118.4462254,288.7826701,a8b2dc08-1272-4838-b260-85d06a409525,6bcae1ec-3924-4409-a4c9-61a18736c1c3, this is comment for performance test on perftest environment  we can see the comments later  for small files for second perf test618
71bc9c93-b9f4-490f-8048-a04440bfdca2,85,27.73152283,61.71045283,03715b44-90b9-4819-ba51-fb0ed359b220,cf599341-88bf-4934-b018-5e0c5bb3511b, this is comment for performance test on perftest environment  we can see the comments later  for small files for second perf test619
5695a858-3fb4-4755-b24f-2b7ed63ba879,172,183.2667519,206.9135797,47bf7343-0077-4cdc-9719-1d8053482fa2,0bdc92b4-f6db-4ca3-923a-dfb50928fd3c, this is comment for performance test on perftest environment  we can see the comments later  for small files for second perf test620
f357d7c0-d61c-4f6b-bf3f-f4420d23f10b,104,343.2118168,270.3784288,d04dc4b1-4fa6-4140-8dbe-d87797c57a48,693b1215-4a43-450e-b20e-ade82641ac87, this is comment for performance test on perftest environment  we can see the comments later  for small files for second perf test621
36e02f4c-683b-44aa-9d5b-4363a1b9ff8a,44,447.8352899,275.5061323,98638ce7-8d48-469e-822d-94105a1fa4bc,d89fa8cf-ca3d-4ebc-a63b-0c68771fad2d, this is comment for performance test on perftest environment  we can see the comments later  for small files for second perf test622
5f3da589-105a-4eb2-ab43-70a6387da1b5,77,343.691114,117.4677781,ade8c597-0801-49cf-9f76-5a0525363894,70be9c68-b35e-4372-a4ee-82aa5a776403, this is comment for performance test on perftest environment  we can see the comments later  for small files for second perf test623
6092c00a-c2c3-478a-a60c-44a2e398da5f,99,53.1883993,191.0172789,94df2575-6d18-404e-887c-84daca9913d3,ee2b98c4-cc47-48f4-a4c8-b1efa8817473, this is comment for performance test on perftest environment  we can see the comments later  for small files for second perf test624
775237d3-1e17-45e5-926a-f86b80811c41,190,171.6612145,43.09927101,45e38c21-b212-4fe0-a0fc-e2c512aa0a21,eadb19b2-c34b-461b-91ee-0c4099746df6, this is comment for performance test on perftest environment  we can see the comments later  for small files for second perf test625
6dc1c0ac-c8ac-4528-abc0-bfb9b42fec03,109,384.5647029,140.7575823,85bc2e8c-e4fc-4bfb-98f0-90c3801acb8d,735d81bd-2299-497c-90da-2aee431fe1c3, this is comment for performance test on perftest environment  we can see the comments later  for small files for second perf test626
f8f2963a-e167-4f5b-8b61-0bb794288d46,128,149.6434842,196.8875843,f7ef62aa-f499-4579-99b5-1797d1a50cb4,1d42a171-61c8-442a-9819-79d9187770fd, this is comment for performance test on perftest environment  we can see the comments later  for small files for second perf test627
6ff092d3-046d-4e3a-8dff-3df92b4e5e3b,155,23.62912975,127.3691485,aaa07997-ae24-487d-96b1-895ae5dd788a,15af8003-60ff-4436-8bb7-888863de69ea, this is comment for performance test on perftest environment  we can see the comments later  for small files for second perf test628
d17c842b-e5f2-452e-9520-b74641fd0eea,142,499.5663442,298.0909599,84bf73bb-abee-4d68-8d55-9357cd27b193,f22cc430-a6e9-40b1-b971-6f0d25a13ff2, this is comment for performance test on perftest environment  we can see the comments later  for small files for second perf test629
00bf820c-4bbf-45f9-90c0-9953de6f723e,49,289.6806892,230.8282088,74556c7d-5198-4ea8-80f4-b0d7cec71018,6773be44-db2f-4644-999c-47f730a385a7, this is comment for performance test on perftest environment  we can see the comments later  for small files for second perf test630
5c7a1216-6037-46e4-8932-1f90c2e821d9,100,115.9711943,95.63380674,c8a7fff6-b71a-4e5e-bed5-c353295d5898,455b6e11-438e-4f94-95da-f26aaa2f45e4, this is comment for performance test on perftest environment  we can see the comments later  for small files for second perf test631
2e0f2d65-a70d-4718-a184-e847b842a7df,106,198.3264505,102.2662253,a06336ff-9e6f-49e3-8899-1203c0e259d9,67c48ce5-9bb2-4f39-b674-5e7030575e43, this is comment for performance test on perftest environment  we can see the comments later  for small files for second perf test632
edc7f853-15cb-4885-99f0-7ec0ca018253,164,138.3437098,107.6429724,3e836220-3462-4b12-bcae-a511330ec3d4,3b1843e5-71c9-46c0-aa9e-45692082e6d9, this is comment for performance test on perftest environment  we can see the comments later  for small files for second perf test633
433aa0c2-a9a2-47b7-a040-c661d8a0f2e8,176,307.7999755,254.2444036,8c700d98-5fc8-4fd3-89a1-e5703720ca8a,62b34b2d-3756-467d-a181-c258819e06f1, this is comment for performance test on perftest environment  we can see the comments later  for small files for second perf test634
a14707d6-bc98-498d-96bb-8af9506f0110,69,220.5333175,133.2191772,c46058ed-b602-43f1-94d0-114f07f16ad1,bfe41c22-a5ac-4ac7-b857-36515e583f18, this is comment for performance test on perftest environment  we can see the comments later  for small files for second perf test635
8a072189-31dd-40d8-8fac-223eeba429e9,55,342.7207159,82.26841685,475bb2e9-d327-4278-b17b-44ae77f27e65,3f386678-13eb-44cf-bd57-09a3ad7d8266, this is comment for performance test on perftest environment  we can see the comments later  for small files for second perf test636
ee1bd6e8-55f6-4c28-8a9d-43aebb052fa2,143,39.92494562,6.070664058,8e880f8a-de55-4974-8036-36193709b3fd,c7c73bcc-57e4-4b0d-b217-7b81854708c1, this is comment for performance test on perftest environment  we can see the comments later  for small files for second perf test637
0ce99e4d-27da-40f0-a010-78733f1da3bd,12,397.9651433,38.21084746,53664989-e053-473d-bbb2-3045b0f06b2a,900a19c3-fdcd-436d-9f37-5f5741aca95f, this is comment for performance test on perftest environment  we can see the comments later  for small files for second perf test638
906cdc77-d47a-4438-ae6d-ca9936a4f188,186,218.4384965,88.94023459,6328b9bb-ec59-429e-b884-496125d9a176,9a0776fc-57ab-4728-a2cf-497d596005d2, this is comment for performance test on perftest environment  we can see the comments later  for small files for second perf test639
6b9f0b02-8d9c-4e32-b63e-7e63aebc38e7,155,482.7199981,57.89871936,494b5196-80fc-4dcd-b2b2-63ff1de35796,38ff231d-f079-405e-802f-4ab9d7784a83, this is comment for performance test on perftest environment  we can see the comments later  for small files for second perf test640
46fbd29f-13e1-4d7b-b122-17813f96540b,73,82.66748288,29.59631669,0e59fce4-6ce1-4614-9aaf-3b1ebab1b001,a4ee3133-7025-4cdd-a865-5049a8644dcf, this is comment for performance test on perftest environment  we can see the comments later  for small files for second perf test641
9abc2c75-08d9-46ba-b9ff-dca6f809aa2b,36,178.9192158,241.4655661,8492e8f8-2622-41bc-b455-1940e2902484,b6854db5-1c07-4bc0-b2c9-9b6250e47018, this is comment for performance test on perftest environment  we can see the comments later  for small files for second perf test642
9d385689-a22d-4173-bd62-0b22f589013e,93,486.0784876,180.2328319,65c7f80e-073e-4a6e-88f4-9525eae41b54,f498d32e-75e9-4ac9-9ae0-c31d8b48b584, this is comment for performance test on perftest environment  we can see the comments later  for small files for second perf test643
a5e8f2ac-de98-4870-b333-b001b619b512,38,357.2746754,129.2672272,7e46d2b8-a2c2-456e-9f97-7f9c053fae28,f196b3a2-43a7-44e5-9ade-2f0b056c69f0, this is comment for performance test on perftest environment  we can see the comments later  for small files for second perf test644
09e42ee0-e24e-412c-9232-ac9e8374133f,85,65.16666043,190.6932903,da8077ac-45de-4095-8b20-2a3ff4c0fd5a,1d005407-ea3f-4a37-b2a6-91050f70ef8d, this is comment for performance test on perftest environment  we can see the comments later  for small files for second perf test645
110706fd-94ef-45c5-ad5c-184723bded31,33,27.07773921,30.38603637,f3c4ea2a-bdf0-480a-8399-9fa1b1dda1d1,2ab93ab2-0d2a-428c-9d88-0bc613373d21, this is comment for performance test on perftest environment  we can see the comments later  for small files for second perf test646
cefc831e-cfa2-429d-b843-b5f7de53f430,58,140.2247363,266.8252151,0e591257-e7c3-43fa-adbc-271df04efcdc,cbc79021-c918-4ab9-8e1d-07084f1fb15e, this is comment for performance test on perftest environment  we can see the comments later  for small files for second perf test647
70d59e3e-94b5-4ff9-93bf-3fa40057968f,75,137.8937102,231.2294048,b3b0dc03-eb71-4c6d-8941-453225d9b3e1,633fd866-3fd3-4550-8d0d-bcb7b8968181, this is comment for performance test on perftest environment  we can see the comments later  for small files for second perf test648
90bb163e-7d90-4f33-bda8-e51533601bea,67,484.7973731,234.8698259,5f942765-f03c-4ce6-be9e-d66629e13772,5f8a6061-8a03-4cec-ad76-c4d9127fd5dd, this is comment for performance test on perftest environment  we can see the comments later  for small files for second perf test649
dc38f602-fdc6-4bb7-aeb4-f90a40e3efd5,4,108.1523412,263.7595241,3a682d47-e01e-4c3f-9e4e-5dc599daa658,7b57a768-e399-454a-9477-a9a5d39f895b, this is comment for performance test on perftest environment  we can see the comments later  for small files for second perf test650
b4417c3b-2c18-4127-accd-26b75f244a76,153,134.2600833,294.0461592,a778ffaa-25c6-48c1-91e8-594579f6d74e,44ebccb3-a1e4-4150-9361-24ab7ae7e978, this is comment for performance test on perftest environment  we can see the comments later  for small files for second perf test651
a8c123d1-e1ca-4294-86ef-b7dc4f7cd121,195,219.3473136,285.825883,b539754d-3e5a-43f6-aef5-6dd20ff326b1,e0e37979-5736-4097-8e08-9e28026e9e51, this is comment for performance test on perftest environment  we can see the comments later  for small files for second perf test652
70bf3c2f-0cab-4373-81b6-94ed0d6ae1ed,1,440.0201245,196.9122476,5d6b4b08-0330-41f3-b5d3-61c81c7d510b,34cbdfb2-0dbf-416c-ad33-52a26f3c449b, this is comment for performance test on perftest environment  we can see the comments later  for small files for second perf test653
daf10901-35c8-47d7-bd03-80070b2555bf,34,187.9304461,48.33003846,c8de14e1-63d4-4d5f-8166-2bdb848b57d0,6be4b367-dd62-4e6e-bbd3-e88217ce7dc6, this is comment for performance test on perftest environment  we can see the comments later  for small files for second perf test654
75738f71-d551-489d-a959-ac5cba9d6343,127,381.7624073,71.75127698,543f5b06-1f72-4a10-80c9-01be89a36130,a2595cc0-66da-44a4-8eb7-955b9ca721d0, this is comment for performance test on perftest environment  we can see the comments later  for small files for second perf test655
a1f3198a-d606-421c-821b-97111d19a38c,124,448.7895835,288.01256,5275237f-7a51-4edd-b810-6a2c89234e0c,1f1f2c9c-4af8-4e5c-9550-53e21976236e, this is comment for performance test on perftest environment  we can see the comments later  for small files for second perf test656
3c22ff82-6857-468c-8593-989b0930d541,198,54.56880482,245.7751105,ed043f2d-31b0-4615-bd91-f3111530819c,6c6b15f5-b459-41cb-a455-6007daaaf296, this is comment for performance test on perftest environment  we can see the comments later  for small files for second perf test657
466894f0-dece-4ef4-82e1-d367d249a07b,121,154.1417344,222.058629,10b549c9-6b12-4b47-b7e1-5024793cc3bd,0dc083c1-ca23-4957-a211-445a03719f2c, this is comment for performance test on perftest environment  we can see the comments later  for small files for second perf test658
c49945de-c963-488c-887f-25a3a620f0f1,111,352.6762296,221.5608802,325be8d4-bc12-4be8-b6f2-a7dd203e75c7,e17548d3-2f12-4a2e-aed2-ca22ea87d0ce, this is comment for performance test on perftest environment  we can see the comments later  for small files for second perf test659
43c88032-22eb-4a91-adc6-85b21be84bf0,128,395.3973977,77.07681693,13e6b04e-54cf-42db-abdd-a76f1513822b,5d8c63ea-374e-4aad-a06a-e067652cba28, this is comment for performance test on perftest environment  we can see the comments later  for small files for second perf test660
43356f4d-632e-4e89-ba55-8c39ce835628,88,177.5940507,182.5989474,3fbb52ba-85d2-42c8-bca6-41df41c1b21f,f1313c99-3ae9-4067-98f2-3599d67572d6, this is comment for performance test on perftest environment  we can see the comments later  for small files for second perf test661
e77399cc-92f5-4b65-8fc9-95ff97a0eed8,142,189.6427659,94.98280822,f36d6e70-51d0-40f0-b83f-479197afe1c0,69baa1d5-aed5-4f29-b59c-11207b5c98e8, this is comment for performance test on perftest environment  we can see the comments later  for small files for second perf test662
fd378023-c092-4715-82b5-642025f34167,124,29.20325902,214.4584003,0c1d9e6e-4695-4ebb-bb51-96508c2c81cd,89972378-8994-40d8-90b9-9166bbfc92ee, this is comment for performance test on perftest environment  we can see the comments later  for small files for second perf test663
d7ab80b2-ecb7-44fa-aa72-ee77bbb9b31c,84,169.360576,20.64703145,9d8e39f3-d348-473e-b7ff-f862aa4af89a,124bacbe-6be8-4dbf-9ebf-4a64b7eae142, this is comment for performance test on perftest environment  we can see the comments later  for small files for second perf test664
2807a98c-41d0-43b9-a0c8-04cc6569a47f,193,266.6683923,34.75415943,115ea091-4a3e-454b-be82-b611894b2aff,d8db4ff0-71ba-4001-b854-d6dcbbd2d0d1, this is comment for performance test on perftest environment  we can see the comments later  for small files for second perf test665
eecaa652-a5a7-48c8-9ac7-18011eb0d45f,74,467.3266437,128.6352591,d7a8f4d4-7ffe-469d-ba5d-ec19d9828cd8,68e0b541-9e6d-4084-8a90-f15b88c37628, this is comment for performance test on perftest environment  we can see the comments later  for small files for second perf test666
034479d2-e038-4589-9b35-858f23a0d341,17,97.31185947,263.2787958,deba8015-1d75-4f7b-be23-9f27a06f4add,b42da9fa-71a6-4434-816f-bd127fba0d95, this is comment for performance test on perftest environment  we can see the comments later  for small files for second perf test667
9f58cb49-e5d7-45aa-a78c-9e9de3cffadc,22,377.6714,240.839511,13d9c817-5acb-4fcb-b09e-32009d2883ba,a3215687-0182-4edf-907c-28750a7859aa, this is comment for performance test on perftest environment  we can see the comments later  for small files for second perf test668
5f0c0e4e-7da2-474d-bbec-6a151c6e62f5,155,310.2664526,170.3525365,8f03e519-c32d-4211-96c2-395c11fde36c,a72259ae-df23-4848-8a22-cd38fbd13be4, this is comment for performance test on perftest environment  we can see the comments later  for small files for second perf test669
d0980536-2a75-445f-8598-336699eb8608,67,89.21587712,264.181046,b5a3f9c6-8ef8-478c-b715-7cf592752a60,54b4acb3-fd6c-4f54-aeb9-050829115d6b, this is comment for performance test on perftest environment  we can see the comments later  for small files for second perf test670
9735c231-0448-4747-a1a8-998ab9ae30dd,45,285.4104293,30.22175582,10b45b5b-b598-4df0-8db5-9b3b36d6033e,bed90615-f03e-4914-8ee4-199ce53fa305, this is comment for performance test on perftest environment  we can see the comments later  for small files for second perf test671
2dfd6b51-1f19-410a-8f4e-56e8e143073e,13,54.64980388,242.84873,eb6f5899-302a-4c22-8da6-eb3492fab646,96fcbca8-ed22-4c9c-ab26-faaa47692c28, this is comment for performance test on perftest environment  we can see the comments later  for small files for second perf test672
d198d5ee-3e0c-4aaf-b19d-d5c49ca7b8b0,185,392.9152543,42.33598331,7c43423c-222a-46b7-9520-e8f34d19f10a,6a8a8888-f72f-43c7-8fb1-e3c403f11f54, this is comment for performance test on perftest environment  we can see the comments later  for small files for second perf test673
534383de-2277-4bc4-a53d-2ac6505bbf1b,107,266.1218502,116.7569266,1d3ef8f7-78e3-4d28-87b4-11e99200ce10,3ffef15e-5529-4038-9875-4d2d3f7ac9fb, this is comment for performance test on perftest environment  we can see the comments later  for small files for second perf test674
b13586b9-d6d6-4742-8baf-ca0ecd2fff25,55,344.2490737,258.2551971,bead49a0-2865-4fdb-abcd-d35827f4fbeb,51e67bb9-6de5-4638-9a71-95f30b229d03, this is comment for performance test on perftest environment  we can see the comments later  for small files for second perf test675
eaa0a6d3-5263-4d85-9963-d330086d43d3,45,327.5040575,265.1731959,1a7f83d0-9a2d-4980-9e74-650e0f7725f6,006203ec-407f-44c5-bf5a-5722b9a68fc8, this is comment for performance test on perftest environment  we can see the comments later  for small files for second perf test676
5ac9aec5-df7a-4ed8-81a2-9e27e3b54bc0,70,49.66686163,259.0448337,ea2e0da0-6aaf-4089-a55a-9bcab940b2be,83ff62d1-35b1-4f27-b58f-e907556c25d2, this is comment for performance test on perftest environment  we can see the comments later  for small files for second perf test677
a06ec70e-5897-4e1a-9e65-54b4d9a74b05,152,430.055602,238.9454784,e561ddc5-81d5-4daf-945c-410b6e90e72a,9258050e-16ff-441b-9eab-b6c8f4375d62, this is comment for performance test on perftest environment  we can see the comments later  for small files for second perf test678
5c2ce77a-c91c-45de-9f8a-89f9ef5393cb,171,291.5082107,137.1296912,4f86991d-209e-47c8-92f2-bfbdc89e61aa,8530c087-c38d-4009-9a9e-acc492747cd3, this is comment for performance test on perftest environment  we can see the comments later  for small files for second perf test679
9207f821-fbfd-4a41-b86a-d6cd9a2772f9,119,171.4647688,57.68129758,b5df59fe-a346-4d5d-98f8-17ff6f3c34c2,c55694b4-e36f-4eec-a111-584a590ce247, this is comment for performance test on perftest environment  we can see the comments later  for small files for second perf test680
41206c7e-a59b-4ba0-8f96-f511817544a4,120,396.8777172,69.08621862,e34223c1-1504-47a3-ba06-70add07c181e,73c1c100-d9f0-4ed7-a9f5-32ffb63fc8f1, this is comment for performance test on perftest environment  we can see the comments later  for small files for second perf test681
7e03bada-940e-4f8e-93aa-43a10799a430,181,89.24987067,119.8909376,438fcb7f-9926-4496-99d7-375c84a0f5da,cfcc2caf-8c4a-48d1-a912-e46b6a4b558f, this is comment for performance test on perftest environment  we can see the comments later  for small files for second perf test682
3cc21ded-a8bd-4012-9aee-09f9139937ea,201,220.8026811,169.7053273,3fd00bb1-d093-417c-94ca-d37be305b8cd,558f4c0b-72bf-4b67-8d0d-eb9512d20ad6, this is comment for performance test on perftest environment  we can see the comments later  for small files for second perf test683
38b2a036-68be-49eb-969b-0fe8ce96f7e0,172,375.1435566,208.8580799,ff56b71f-5695-414f-b90c-06b14e940d9f,5d0b1a5c-4d30-446b-8c7c-218a031a78a8, this is comment for performance test on perftest environment  we can see the comments later  for small files for second perf test684
fcf6b857-324b-4333-be17-decb18b8f5f8,152,163.4858827,142.3659436,9a9b6b75-e192-4cf1-8f5a-b245d99b9c54,29921274-8e19-4584-a25c-5bb20a0e52a0, this is comment for performance test on perftest environment  we can see the comments later  for small files for second perf test685
f04ba105-4ce9-434d-bf71-686725c64f35,183,275.2036856,228.2630493,2f1cb53b-b6e9-471a-8366-e23d72e4bcdb,84e0dd4c-b11f-400e-a413-34c854a7f880, this is comment for performance test on perftest environment  we can see the comments later  for small files for second perf test686
ab69a95b-69f4-4da5-8fdd-fefc5a98c1d9,15,197.9742725,12.39758911,8480955b-4ae4-4e85-81be-10dc178e3b42,f5302352-dfa5-4226-a957-3fb219d2b4ef, this is comment for performance test on perftest environment  we can see the comments later  for small files for second perf test687
2b3b6539-3bd2-4979-b639-e2a26e2fb00c,77,274.7558544,186.8355005,b8e1e68a-19ec-43bd-a561-6ed93819719b,029b3e17-e7e7-4aed-b28f-8fcb636db5e8, this is comment for performance test on perftest environment  we can see the comments later  for small files for second perf test688
325f7b21-6d36-4598-8552-9d217a82c78c,172,181.0594455,26.31515932,be242f29-b931-4a20-bcf3-6504384a963b,847910fa-aa30-4a7d-96f6-29b43062d533, this is comment for performance test on perftest environment  we can see the comments later  for small files for second perf test689
97687987-ecd8-4a83-8369-fa92c8965793,128,392.5860909,227.0992124,690df195-3f57-42b4-a9ee-3d3ea13b9e98,6e5de903-4f70-49c5-bf13-84e84535478a, this is comment for performance test on perftest environment  we can see the comments later  for small files for second perf test690
a26b43cd-3862-4311-b7cc-cd39ddabbe49,35,37.56501855,24.77957748,3acb1776-70cd-4c2a-9c59-4783d31185ae,dd513436-5f2f-4c9e-b270-31cda27dba70, this is comment for performance test on perftest environment  we can see the comments later  for small files for second perf test691
d6d36841-8739-4ff7-9205-ca3afd0b7e9d,190,425.710725,30.19566515,df9159d8-2f0b-43b4-b6c3-ee575efbc96d,0177f03d-da41-4f38-b133-4a5ca56a8dd3, this is comment for performance test on perftest environment  we can see the comments later  for small files for second perf test692
b6ce69f7-fac5-4ee2-8a95-68834795870a,72,121.846595,56.63623447,6ad27ea8-5a8f-48d0-9b86-393ceb1d29bd,ee27c5df-822b-4811-a5ed-d0d7a79abe6e, this is comment for performance test on perftest environment  we can see the comments later  for small files for second perf test693
ed978546-92c4-43f7-b47a-2cca898e6e01,139,166.1366919,186.5045789,19062c84-87ea-44f7-8fd6-4629c8b8277b,39582e89-b5cb-4d4b-be60-ffeb0e9b12c8, this is comment for performance test on perftest environment  we can see the comments later  for small files for second perf test694
9d492149-be87-4207-94e5-4df02fdb0383,98,69.25837408,277.733279,5134ed7c-6184-4868-8eb7-7e4594ad271b,cc24e364-8c6e-4ef0-bce1-d68d4cd4fb7e, this is comment for performance test on perftest environment  we can see the comments later  for small files for second perf test695
238bd993-2c17-408e-aa83-b12c3d3089ec,166,161.8086361,224.0480699,1ee94d8a-4125-49d0-8faf-70dd33836fd5,3d880470-9f7f-4b36-b770-6f98119ec932, this is comment for performance test on perftest environment  we can see the comments later  for small files for second perf test696
225cbadd-eb76-47a0-8755-b650454eaf33,186,301.889583,205.3100987,045355e7-32b5-4169-954e-0683e23bd7bd,12e66aa7-a19c-44a4-8672-d27513cb535b, this is comment for performance test on perftest environment  we can see the comments later  for small files for second perf test697
48b847b5-c3ff-48c4-886f-dffcdd6ca55c,197,183.8763047,96.26396229,1a51e6d8-baa2-407d-a88e-0611309f9759,a09868f2-c96b-41b0-88b0-eb225c9b81e5, this is comment for performance test on perftest environment  we can see the comments later  for small files for second perf test698
60ca4071-57c4-40f8-972b-ad6fdc01904a,50,367.8446833,37.02298188,d9f5c253-f219-48a5-a4d7-37c5d2b771fa,94a6254e-ef70-4eed-8441-40422e302e93, this is comment for performance test on perftest environment  we can see the comments later  for small files for second perf test699
4250a400-e50e-4354-bf0a-f37076c0c3a8,64,445.9017315,224.5187068,53de57d3-922a-4436-aa46-0bba1a20c625,b45927f2-f520-4693-ab76-e09f578f31b6, this is comment for performance test on perftest environment  we can see the comments later  for small files for second perf test700
bdbfa5e3-2a38-4ac2-8650-253a071b364b,96,190.9720515,255.1503355,0afc7ce9-78e1-4464-a38b-afbdc62ebb7f,fccbaa77-99f8-48fe-af8f-d222cae40337, this is comment for performance test on perftest environment  we can see the comments later  for small files for second perf test701
df0bb5bf-6e1c-494f-8079-4f5dd603fec9,76,262.9918971,234.6185534,19392845-c2a6-4b56-9a42-30f8a9cecc28,1b5f089a-a387-4add-9f81-2839fce3294c, this is comment for performance test on perftest environment  we can see the comments later  for small files for second perf test702
05e8dd41-cf07-4442-9aa4-4f68c58a9299,54,330.9120814,59.76956267,9c2b9cc3-1671-47c5-9849-90037a077b52,73363be0-259e-42e9-9fb6-1c0ded8e683c, this is comment for performance test on perftest environment  we can see the comments later  for small files for second perf test703
14bda244-c93b-4953-975d-ee1dc6b7971e,27,41.35916518,250.5505447,55ecb694-6c12-4b34-9c2c-bfe86ea8ac12,84688d52-d15b-488a-b2ed-c937352464d0, this is comment for performance test on perftest environment  we can see the comments later  for small files for second perf test704
199104c4-faec-4185-a4fd-61481d5d90b7,191,392.7512096,299.8573429,bb7d62e1-379b-4296-b047-bdd477fe4c87,e4b9caa5-5971-4615-a815-a4d831c01c4f, this is comment for performance test on perftest environment  we can see the comments later  for small files for second perf test705
da9764c5-c538-4a52-910a-f8b05c692b07,191,13.68575164,81.78475952,bfe1aca4-4615-4455-a7ea-fd428f50b2b7,69770e34-3f1b-422a-aec7-e42a43054b3c, this is comment for performance test on perftest environment  we can see the comments later  for small files for second perf test706
a122623d-1d05-4ad1-bba3-3d1ac50f0fa1,183,445.9833481,15.03467603,c6369cad-c7d5-4f24-b8fe-a8f881616afe,127cd3bd-ced5-4bd7-bb56-9786b87a6f4c, this is comment for performance test on perftest environment  we can see the comments later  for small files for second perf test707
a54eac46-ba29-4db3-aa98-cff94ed8b0a8,128,331.0434247,145.8016285,8e7693e8-c800-4554-b851-1d7347552312,d0573764-764e-407e-8081-77174afc7f45, this is comment for performance test on perftest environment  we can see the comments later  for small files for second perf test708
3fbecf24-1397-4e38-9ef1-72625e1c3bc9,142,276.8832742,81.31866227,5b61de50-0cd8-4967-90ca-e2001cc7f446,db83ccd8-aa34-46e2-9fee-44e047678a89, this is comment for performance test on perftest environment  we can see the comments later  for small files for second perf test709
ef976a5e-3359-4e9e-b273-b592217144e1,7,47.07948142,177.2416524,1a594f9f-6dbd-4d03-978a-6d61a77bc6e5,a7fe1544-80b4-4bd7-9b3a-42bf86c4a32a, this is comment for performance test on perftest environment  we can see the comments later  for small files for second perf test710
44affe17-68b6-4ee6-a1d1-79654e2dd3a6,112,93.21385429,266.5794956,25d43162-104a-4fef-8372-1656a7809718,d129cd68-af31-45e7-ba67-8fddbf2381b3, this is comment for performance test on perftest environment  we can see the comments later  for small files for second perf test711
2e3b1727-8ee1-4f1d-9457-48345f505248,152,79.74186392,225.4388206,700491dc-b13a-4384-95e4-aa368202b060,3ff43827-208e-4343-85e3-bb309115ebdd, this is comment for performance test on perftest environment  we can see the comments later  for small files for second perf test712
ffa84301-9087-4833-a246-eac25a69cb94,90,160.2825888,91.81973587,60c3a250-9be3-4f3f-8256-8cd4d5b8b49d,cb6a0577-5aa7-4ad1-820a-bf56dc46bbc3, this is comment for performance test on perftest environment  we can see the comments later  for small files for second perf test713
622a7489-7de7-4bbe-89cb-d2c5d66232da,118,265.9394369,208.3876857,49d54bce-6115-4ada-aeee-d61fd83324ab,3c697492-e452-4ee0-b414-486b353ca76b, this is comment for performance test on perftest environment  we can see the comments later  for small files for second perf test714
22897fed-d6f1-468e-86c0-0d8243327590,18,281.0352214,235.8429533,551937df-8873-41e4-9b3b-7c899b3f811f,ec98ab72-3ead-40c1-abc0-2f455d4e586e, this is comment for performance test on perftest environment  we can see the comments later  for small files for second perf test715
66ac3472-b935-4a82-946b-ee6890e94a2e,172,77.11097156,62.76180666,75c0c877-2bcb-4bb8-b0a6-94df3259b53d,10587c34-bc51-4d6d-9eb1-0e6c47ef5d8b, this is comment for performance test on perftest environment  we can see the comments later  for small files for second perf test716
ff8b2e52-0ab7-4f24-8ee0-17fecc6b6a99,193,446.8622193,187.8722668,999f0b48-519f-42c0-86f5-a1b05fa91d89,352a1fb7-ea6e-4cd5-ad8a-e05f718be72f, this is comment for performance test on perftest environment  we can see the comments later  for small files for second perf test717
16ea84c2-c572-4853-affa-755a32a87fe8,91,91.54067858,284.8666827,4e325379-7224-4b1b-874c-e6bcfdb7cd26,f779846f-1b1f-4bf2-994e-14b266e9fe43, this is comment for performance test on perftest environment  we can see the comments later  for small files for second perf test718
219921f5-cad1-4b53-8651-e3e0013a9a89,138,310.273886,296.2900912,2bc2447c-c4cf-4078-b9f8-83cddfc7b321,97774731-82cd-4b02-be6f-e99e08cb8395, this is comment for performance test on perftest environment  we can see the comments later  for small files for second perf test719
1b551cb9-ef68-49c9-85da-dd1e1615204c,179,411.1791367,238.8538782,97c9b642-b1c6-410e-b756-4e706633118f,c6154b1c-07a6-4a25-8d45-3a36405397fe, this is comment for performance test on perftest environment  we can see the comments later  for small files for second perf test720
aa03c3a5-e4b2-4aea-a438-cf08637fa1ef,80,444.1853051,284.5351808,b0f5bb74-61cc-4c90-8d32-e3b75bb5b251,dca92e37-02f4-4642-ba5d-c14194e270c7, this is comment for performance test on perftest environment  we can see the comments later  for small files for second perf test721
38764131-6c9b-442f-9e73-b5b4045d37ab,57,316.4127343,97.6871734,72f1dbe7-b641-4f64-80f7-9cc69105ba40,614c6bb7-1183-46a4-ac0c-bef569b0e07e, this is comment for performance test on perftest environment  we can see the comments later  for small files for second perf test722
8530b312-a225-4cb6-8615-eb3300bbb59c,118,7.293333367,36.51145914,5cf5b4e7-15f3-4308-be5a-a2b5eb493edf,97b8aa4f-c6ac-4596-a54d-cd3dda3fbdc1, this is comment for performance test on perftest environment  we can see the comments later  for small files for second perf test723
b923387e-a00d-4f8c-a8f1-57df11a70007,4,107.316924,174.8424929,00bc92c9-1347-49db-89d7-351e65546f21,7be2d001-c2a3-431a-ad9b-7f59f92d488c, this is comment for performance test on perftest environment  we can see the comments later  for small files for second perf test724
c3155385-ec84-4b56-82d2-3787ea55fa52,22,181.4139188,124.3964797,49bd20b5-def9-4f57-8caf-08864334580f,c9f8ab27-bcc8-499c-ac50-a388d40ce8db, this is comment for performance test on perftest environment  we can see the comments later  for small files for second perf test725
4807c6e3-7c75-41ca-b646-2414d8eaac15,81,31.01077157,185.2084767,cdc5f677-60e5-48aa-943f-9b146497d9ea,fb5f33c2-239e-4ede-932d-3d5f25daa868, this is comment for performance test on perftest environment  we can see the comments later  for small files for second perf test726
f7d38343-d2ac-4592-9393-d5a8712144d8,164,358.6030512,68.80999336,4a659144-2732-42ad-aca6-8d1c059cd546,8de39eef-834f-4392-b41d-0f9709508718, this is comment for performance test on perftest environment  we can see the comments later  for small files for second perf test727
3c1c46cd-5fb2-4e01-8f74-8317b72e3967,193,24.32228616,290.8645443,187d5822-475f-4330-8442-338057693d93,2527cdc2-31e9-442c-afa2-48ea940c732a, this is comment for performance test on perftest environment  we can see the comments later  for small files for second perf test728
7b1a882f-9b28-4b41-bff6-5e9a02c99727,198,455.7740695,243.8018305,cc5738f0-0397-4af0-95e7-e6b22a5bf491,7e5276c3-f422-4287-ac5a-ef9ed7875561, this is comment for performance test on perftest environment  we can see the comments later  for small files for second perf test729
4785e043-01c0-485c-9252-dcc79518aa34,43,252.5318803,29.14113113,e13be2c0-89bb-4c28-813b-10616706ca7c,8871aebc-4f6d-4346-8b2c-8fdfd387acd0, this is comment for performance test on perftest environment  we can see the comments later  for small files for second perf test730
3ac72a22-8761-4965-8981-b1c35562396b,179,118.1472213,52.49230492,ef094234-73ea-4b6e-a45e-957141101941,86b9b810-c9a6-4a82-b3c7-f6fd596220a5, this is comment for performance test on perftest environment  we can see the comments later  for small files for second perf test731
eadcee5d-6e1e-4ada-a8cc-ba8e90ba3e45,55,227.8812504,88.46794186,b5793ca3-a5e3-4d09-8631-d0d502c7ffa8,21966a40-5000-4002-b240-ce156f8e8d0d, this is comment for performance test on perftest environment  we can see the comments later  for small files for second perf test732
363e18d8-d00d-437e-a4d8-a35d61069c71,76,34.46236703,90.45907886,a03e2e0b-5d31-4fe6-9e07-e0e62b15eaac,309382d2-f2a8-4341-8f2f-dbff353dd015, this is comment for performance test on perftest environment  we can see the comments later  for small files for second perf test733
a72a0386-d155-45d4-a3f1-a229bbba4ca2,55,486.1468581,282.908411,d8db6f6d-91c4-42c3-abf3-073ddef9fc6a,422fb558-4605-4116-ab46-9241ee6fcb6a, this is comment for performance test on perftest environment  we can see the comments later  for small files for second perf test734
87e9e99b-b8f6-485e-ab4d-b9a91272e7a1,132,244.1302659,146.6868168,ec57517f-d06e-4e05-9e01-ef3356c199c6,93be82b6-9956-47c0-a6dc-c69943bcf80b, this is comment for performance test on perftest environment  we can see the comments later  for small files for second perf test735
e0e90291-5f4a-4f16-8ad5-2cbfa23b534e,58,62.15299918,133.9426579,0c4e0d4c-bdf6-4ba3-8d55-ef5aa84ccff1,b4726f43-6cc6-42d6-9adc-ce5219d09b06, this is comment for performance test on perftest environment  we can see the comments later  for small files for second perf test736
64c8c326-b8e6-4539-9366-9156449907e0,50,435.5022343,281.2156064,b85369f3-3686-4134-8d9a-7571cc9c745a,bce0ec1d-832c-402c-a26a-6f0ead22c9f6, this is comment for performance test on perftest environment  we can see the comments later  for small files for second perf test737
a14c0fa2-872c-4941-ab03-31bbc5028914,198,472.8436312,92.04003412,e515fc63-b356-4645-94d9-6d0801efa271,172e0eeb-d28d-4358-91c1-58d0785235a8, this is comment for performance test on perftest environment  we can see the comments later  for small files for second perf test738
4fb0e1d5-af23-4711-8a18-d6175c0ac83b,3,354.756155,6.241530039,94b011a6-42b0-4d59-be4b-10f9c2bbb7fa,ca855bfe-58d4-4fea-a59a-55c0c6abbd84, this is comment for performance test on perftest environment  we can see the comments later  for small files for second perf test739
00b64059-28ef-4f13-a670-da1bbf87879d,82,312.591622,228.9613959,c1af1e1b-2d6a-4457-9951-c9ed1fb9f630,3860eadc-a991-459c-a5ef-3500ef8d3264, this is comment for performance test on perftest environment  we can see the comments later  for small files for second perf test740
75e83acd-2171-4276-883b-17286d89cc19,181,4.514271401,126.5985187,671c6291-0895-43c8-9187-b744c718e569,4f319d64-6564-4699-b0cc-8eb89a64bf2c, this is comment for performance test on perftest environment  we can see the comments later  for small files for second perf test741
cadfba29-aa53-44f1-9165-f6c0c7c00075,63,323.8792921,1.718216965,556ddb6e-1d5d-4226-a02f-11bbd540d9a5,92b4ecc6-d5ec-4125-9982-7ba7072ca597, this is comment for performance test on perftest environment  we can see the comments later  for small files for second perf test742
9a042889-5cb5-490a-9936-30151f94bc6b,37,271.6528353,286.1097624,0c32fd17-b3ec-48d7-8aed-1f796552789f,6d635bce-5e5c-435e-9651-f15c5f6a43ec, this is comment for performance test on perftest environment  we can see the comments later  for small files for second perf test743
e5805254-8ae3-4bfd-a773-7f8682b1a5ed,25,197.3548014,91.92148821,1a7292fc-ac13-478f-90a6-8a64b455e9ba,5ee981b7-9615-4e17-adf0-6e1e55bc1558, this is comment for performance test on perftest environment  we can see the comments later  for small files for second perf test744
29e77819-1f16-4b77-8bae-65b36bc9c8e1,32,94.69750368,289.6255984,8a95d021-eb6f-488c-9aa4-60d04788d4d4,92cad9a6-50ca-4fcc-8de8-c226489299fd, this is comment for performance test on perftest environment  we can see the comments later  for small files for second perf test745
e431f931-bbd6-4637-b015-d94474ee07f9,189,109.5134583,160.1705787,634d5953-11ae-4960-a336-38c902fb4dcf,812f1c5d-abc0-4955-bd8e-a342844e95c6, this is comment for performance test on perftest environment  we can see the comments later  for small files for second perf test746
443925a0-e5ba-4cc4-a332-f55bbcfc3b55,83,146.0225905,224.6127195,5bb8dee6-06e1-4e3f-8dbb-0054a88c9d9a,dbea38d4-6588-40ae-9edf-16236d4c8be4, this is comment for performance test on perftest environment  we can see the comments later  for small files for second perf test747
a1b81dde-3a91-4b0e-b18d-3f79a2b790dd,77,440.7634107,138.5165213,494830e4-5c3a-402f-b841-da23f3a10319,4c22c62f-0f74-4c68-bec3-51364a5e206d, this is comment for performance test on perftest environment  we can see the comments later  for small files for second perf test748
7a5d49e0-0d1e-415c-ae34-dbf15dca4bdf,201,44.52538156,290.4379237,99e4a413-a01c-468f-8b9e-c47a73bbcf5b,d6bc1579-4f7f-44bf-9d8e-b3d4b162802d, this is comment for performance test on perftest environment  we can see the comments later  for small files for second perf test749
ecc4204f-33a2-4dd1-a984-857d7c935ca0,31,259.2464843,118.3035994,6d522153-e6da-468a-8651-29914e7d0965,849613cc-05c1-4fee-b89f-c0a1f06ddc43, this is comment for performance test on perftest environment  we can see the comments later  for small files for second perf test750
f79ab1f9-3751-4809-95a4-b00e6c899730,122,135.7039555,134.0730656,8ad53575-0809-43a5-a8f6-e49463b2be6a,0d4d26bb-f18f-464e-9797-1096ae5161cb, this is comment for performance test on perftest environment  we can see the comments later  for small files for second perf test751
4dd71e77-4d9a-4721-98b0-2497ea118e9d,160,370.2638533,243.3278693,d6177ca3-7a9b-471a-94fb-785b367857e8,cdc61b18-6d16-4c34-8d68-740f7054a8e2, this is comment for performance test on perftest environment  we can see the comments later  for small files for second perf test752
d0fa3265-2195-41f4-b151-198d349002aa,183,331.7422934,115.473028,12866865-0463-4d65-aa64-ec8fa1cc45df,2be715ff-e4f0-4ba8-8a98-a1d75ea32080, this is comment for performance test on perftest environment  we can see the comments later  for small files for second perf test753
dc3cc2c0-2ea7-47b6-869a-e0c7a8236e8d,150,342.2117869,195.7944649,317617ac-45e5-4bee-84c6-5ce7721cb354,eb72a9a4-354c-4de4-81ce-3be468a38422, this is comment for performance test on perftest environment  we can see the comments later  for small files for second perf test754
faa3c027-3de0-49ba-b856-338d2100df0b,69,121.3498698,138.5442976,470fb07b-5571-4005-8539-b4cdcdb719d5,820f7368-34a7-4426-8b7f-bf4962adb079, this is comment for performance test on perftest environment  we can see the comments later  for small files for second perf test755
c591fd77-913f-493c-b4eb-6a324344cddd,106,338.2086191,85.61292469,13e31610-8bf0-49f8-a7db-ff6cf5c13a40,9f8b95e8-0f87-4bbe-a767-233428efc4d6, this is comment for performance test on perftest environment  we can see the comments later  for small files for second perf test756
4666ec94-fba1-4b3e-926b-b3542bd14658,41,263.2034392,40.19044592,ac3d5558-6ea1-4714-bbb9-9530120f43c0,aea58ddf-477d-4457-9be8-93739aa9df24, this is comment for performance test on perftest environment  we can see the comments later  for small files for second perf test757
63e85241-3039-495e-bfdc-002d2f63b98c,51,429.67235,31.80843152,3dcb9130-c5b5-4c0a-80b5-346945356b68,fafaebb4-b5f5-4d95-bdd1-606f217b4431, this is comment for performance test on perftest environment  we can see the comments later  for small files for second perf test758
e787c402-9165-49e1-a2ba-b6ac1108beb0,199,16.82182046,162.7160526,fe848eee-01d0-4ce7-91d4-5de55965ca98,eb767c1a-02f4-4e45-8198-cd0eff9af1cd, this is comment for performance test on perftest environment  we can see the comments later  for small files for second perf test759
c74f8bc6-8a05-40f8-ba8c-4e4afe672b94,156,301.5084834,231.9787647,7ed75de8-e1bf-4317-9262-91c5d677b749,2142142c-483b-4c72-ab36-127c75216b36, this is comment for performance test on perftest environment  we can see the comments later  for small files for second perf test760
4c07c423-b16a-4eb2-ba3d-33d713a571ac,69,337.9329904,227.7794094,9a5265e3-c1d6-4eba-88d0-243be2efd2af,8c35dcbc-8b02-41a4-a803-abf0ecef38bb, this is comment for performance test on perftest environment  we can see the comments later  for small files for second perf test761
ad6356ac-0978-470e-b8a4-f1bb09b65686,51,296.7473962,164.5830846,578aad88-e005-4bec-911f-d99636b3d60d,ae48265e-2009-407f-8d85-ffcdab4f938e, this is comment for performance test on perftest environment  we can see the comments later  for small files for second perf test762
d901e181-2fb9-4bb9-97b9-7c2c4fd4a1c7,42,342.6688068,293.5561225,b6dd445a-1418-40a0-aaac-7d56ed0d0eca,09f45332-bc47-4859-9af5-0129f18a0ef1, this is comment for performance test on perftest environment  we can see the comments later  for small files for second perf test763
b3f6325b-d073-49d1-b2d2-4affd62ead24,93,95.82332919,186.2664172,15480e53-6581-4d46-8f43-d1184d5fcfa9,61c4b439-8208-46fa-8078-672d802264d8, this is comment for performance test on perftest environment  we can see the comments later  for small files for second perf test764
9d80b5a1-46ea-459a-b0e8-43d362ce2ea6,197,495.4823682,222.8215811,ceb5569e-357d-4a3e-983a-02b31f222a5a,79cf75a4-7320-40a0-9259-024e1151778c, this is comment for performance test on perftest environment  we can see the comments later  for small files for second perf test765
5d2da855-00a2-4d91-88a6-9423d40b7b00,84,197.5456226,88.31998844,6d193002-8684-45ff-b539-7697227edbd1,ea1cda0e-fc68-4d18-bd9a-ac03143bc82d, this is comment for performance test on perftest environment  we can see the comments later  for small files for second perf test766
603cbfe4-2248-4d4c-afb4-fab92d815282,53,392.2047675,106.8552086,a836a8c0-8247-4dda-be2d-887aad6b31ba,25926040-13b5-4c87-a4e0-6ca4f991eb93, this is comment for performance test on perftest environment  we can see the comments later  for small files for second perf test767
457d4c49-4818-47a1-bade-30c982f71cb8,147,316.4467676,242.7328825,8dd06243-b620-4dc2-871f-571637b4c4b5,f330fdeb-6fe3-470d-8953-126d68baf737, this is comment for performance test on perftest environment  we can see the comments later  for small files for second perf test768
23db9a4e-70f1-487e-ad73-49c5c6a2ce5e,185,333.2526019,118.5494304,222c2b56-618c-4c58-b180-9e65f9efa88c,2cf84b98-c37a-4828-94ea-e945820b1fff, this is comment for performance test on perftest environment  we can see the comments later  for small files for second perf test769
1085ddc6-4a44-42d9-8d11-1b8f40c0d1ca,150,346.8076483,118.1485397,3d277488-c45c-43cf-a752-1ceb2afed894,e351e2a1-2c38-44b3-97ce-f0bd98cd72d0, this is comment for performance test on perftest environment  we can see the comments later  for small files for second perf test770
b8983451-426b-484a-a73f-a291be54020b,136,27.21749346,74.57107159,20a94630-9360-4476-a8d2-cc772bc429b1,1187ba4d-b67f-4e49-b6a0-7e2c238b976b, this is comment for performance test on perftest environment  we can see the comments later  for small files for second perf test771
4f82ca00-bad7-4933-9638-693e29ac75c0,189,265.4028496,12.50459912,04134ae8-ac5d-4062-bfc1-fb100b7a90e6,24e49fc5-b337-43ae-97d0-9c9cb3ca3c8b, this is comment for performance test on perftest environment  we can see the comments later  for small files for second perf test772
1d64b4a6-13d5-4fec-a292-fa8b6f74ee62,144,44.90187766,39.13409809,3bf76c05-d8ba-411c-9c3e-6cf33454ecaf,80415cc2-6a99-45e8-be70-71f21e3574ad, this is comment for performance test on perftest environment  we can see the comments later  for small files for second perf test773
7c3e6b88-ae4d-48b7-ac6f-7f8bc9070eaf,126,61.96069782,254.3759791,a94d1bce-55d0-4f80-8ddf-788d88e28d5e,1f76c5fc-555d-4437-a3c3-b7b954c406c8, this is comment for performance test on perftest environment  we can see the comments later  for small files for second perf test774
ffa3fe2c-1592-48b4-9c1b-db6bc356d505,106,394.7367502,45.7241461,c569f192-009c-4573-b8c2-bd2cddca06d5,bc628e2e-788c-4323-a486-501c773834a6, this is comment for performance test on perftest environment  we can see the comments later  for small files for second perf test775
5f1aa719-737d-4832-b22f-1fe1d28a2779,1,143.5117104,155.2878767,4bc2006e-cb5b-4b01-bba4-dde3f5155b10,d3254ca7-5560-4dfb-a69d-ef763f36d6f9, this is comment for performance test on perftest environment  we can see the comments later  for small files for second perf test776
f3c60958-5a4a-4050-ae04-1faf00cd06ec,116,297.2910085,44.35433368,c2ca82eb-b698-48c9-87a0-c3c8b558f530,939cb910-9f33-4ae6-972f-d72df798cb8f, this is comment for performance test on perftest environment  we can see the comments later  for small files for second perf test777
aa11cba1-46e3-40eb-b7c6-e2d9f7fdb801,1,262.1646797,175.8118069,f032b431-1793-4e0b-8203-9e36cd5e80e4,8b6cb3c9-7458-4cb0-aa68-3d3d8c85e477, this is comment for performance test on perftest environment  we can see the comments later  for small files for second perf test778
046c53bf-b515-4f5d-8266-284dcece4bbe,150,157.5585461,223.5771859,6e95673b-15ed-46a6-874e-62482df54b65,54f7f625-462b-45c2-b344-c2f7373179c6, this is comment for performance test on perftest environment  we can see the comments later  for small files for second perf test779
41f6e615-da91-4ea5-a9ee-2308e9f2f784,13,57.29408419,238.4584172,92cd29a2-b2ea-492f-8a9a-1f961eb48ba8,0f709b1b-023b-49bf-9db7-ebb23f013abc, this is comment for performance test on perftest environment  we can see the comments later  for small files for second perf test780
e1538a07-36fb-4465-9b75-2009ec3ac976,102,25.62710293,33.04122777,0357cecd-f663-4e1d-9b3d-d242baa5d603,c9537e9d-5c94-4664-a786-f5416c0b6a55, this is comment for performance test on perftest environment  we can see the comments later  for small files for second perf test781
2e64bebf-6606-4333-92af-6eff3b27eb27,152,185.4791539,8.653974071,0ea91192-984b-463a-ac3b-c2226b16456b,01f4e74e-d25a-41cd-a16d-2b77f229999b, this is comment for performance test on perftest environment  we can see the comments later  for small files for second perf test782
08134262-3dd0-429c-b6e0-a124ca20f2df,182,179.3675318,44.93686727,98f3efe4-effb-4663-a48d-b21afc752610,ada886db-55a9-4ea8-8cf8-16ed8c8df916, this is comment for performance test on perftest environment  we can see the comments later  for small files for second perf test783
ad2b3370-e8cc-44c6-b99f-818697960321,8,473.5730501,263.9139054,2583ba4b-e29f-4b8d-b80c-2dc8c87d99ac,4581e03b-13f4-409b-953f-2a429d44b70a, this is comment for performance test on perftest environment  we can see the comments later  for small files for second perf test784
2008ea47-3944-40d0-851d-4b82957f4ad9,81,185.5473974,93.86130768,3bea3589-8bc0-4f5e-9c22-4c5327b51162,fae1c4f1-d72c-46d3-a043-617fbdb0d761, this is comment for performance test on perftest environment  we can see the comments later  for small files for second perf test785
e4452b28-05e0-4fc6-83d0-d86db9bda9c8,170,271.7071016,212.2485628,919aaf56-6918-40a8-b872-310bdbe94f6d,c94e31b0-c6da-41f1-ad51-1a7385929342, this is comment for performance test on perftest environment  we can see the comments later  for small files for second perf test786
a67b1900-ff5e-4404-ab60-946622a8b943,200,0.318344106,103.645993,cc31c45c-c7cc-408d-9256-bc92e995c94f,ba1943ea-8f10-48f4-a74a-9897bdd8e741, this is comment for performance test on perftest environment  we can see the comments later  for small files for second perf test787
7422bf43-f17e-4ecf-9a6f-f6067e6798c4,134,489.4943801,149.4602965,b4e1380f-7612-4a51-a884-21f009dcae4a,18c37da7-eae7-463a-8465-20fca0e34ab6, this is comment for performance test on perftest environment  we can see the comments later  for small files for second perf test788
4d932fe7-401d-45d0-bc07-097a6143a11f,123,356.8423473,27.29365719,369bf0a5-3490-46ef-8d7b-38944a4b80d1,e78a9c5c-e4b2-4f47-85ba-59628c2895c8, this is comment for performance test on perftest environment  we can see the comments later  for small files for second perf test789
9e974bf9-8be7-4ebe-b606-9812065ada57,192,166.7713957,195.9837576,ed268f6d-d76e-45d9-8bd7-86a907641db5,b59da934-aca7-4ba8-b8a2-ef6045b12a87, this is comment for performance test on perftest environment  we can see the comments later  for small files for second perf test790
e826b560-d9e3-442a-9aec-49360b48ca74,71,380.8320408,49.6900579,689168fc-255a-4846-9ce5-cbf9be551ede,db38bf11-6791-412e-91d2-62a2bc8b1e8a, this is comment for performance test on perftest environment  we can see the comments later  for small files for second perf test791
a1745056-af12-43f4-a392-cb28c3e329ed,134,192.425532,126.0140532,17760c83-a49d-4a5a-b784-6115ddaf6f5b,3efd3524-eda6-47cf-a500-48679bd20ed7, this is comment for performance test on perftest environment  we can see the comments later  for small files for second perf test792
efd07bb0-31c3-4dec-aad8-f7e469afec42,195,246.3491182,241.0745264,d4730417-c8c8-4cbe-8745-7264c18cdae4,abcba568-2457-444b-8420-537ee509601d, this is comment for performance test on perftest environment  we can see the comments later  for small files for second perf test793
8f610f8e-68d1-4682-aa9c-1f074047782b,18,234.6564806,32.65326602,a05cbd19-8e89-48a5-b784-93015f147a29,32d9c492-c913-43b1-b628-248b0398d7c2, this is comment for performance test on perftest environment  we can see the comments later  for small files for second perf test794
25ea0975-88d9-45b7-b3e0-d51433389b59,125,180.1325467,137.8227155,5085ca7b-b1ef-47b4-a834-ea6b19f6a8ae,4657cc32-8192-47c7-8212-73e1f21dd589, this is comment for performance test on perftest environment  we can see the comments later  for small files for second perf test795
a4b95a79-8624-459b-8074-cc7c2e636088,151,462.8063158,214.5395454,99cbf723-1553-4f02-8b57-745de9283003,d0f1d6e9-1d9a-4113-98f4-5b1da7d42fd9, this is comment for performance test on perftest environment  we can see the comments later  for small files for second perf test796
7b40a40e-fa2d-4b28-8d3f-c6c593889741,165,87.25362064,202.9260575,c0430f7b-ad77-4bf9-a88c-c580697a2a00,a54077ab-a876-4897-ad39-efed8d472414, this is comment for performance test on perftest environment  we can see the comments later  for small files for second perf test797
c1ae2929-1caa-4e42-a19e-b999fc1f8ee4,142,314.9978167,162.8233668,465593e1-9297-4681-9d97-36138b3b4c78,595a8767-8696-4fb0-8aae-3042d8b36eb7, this is comment for performance test on perftest environment  we can see the comments later  for small files for second perf test798
ff12744f-8d39-4e13-96c1-4acd7fe7fb0e,24,371.6931662,295.2200417,a868ee0f-9647-4fab-af16-5b71875fc9f8,7d367c6f-cb10-43da-8e78-87a4503b85fb, this is comment for performance test on perftest environment  we can see the comments later  for small files for second perf test799
ca575480-8ecf-42e2-b033-ac6ff42b8329,68,323.5125987,277.4022731,b4424ae3-aef6-4237-a599-3fed7ce30ce3,b8580035-074f-44c0-843c-8bddbb925b7a, this is comment for performance test on perftest environment  we can see the comments later  for small files for second perf test800
0d02cc36-3e65-4329-aac7-9e629a9a7fd3,154,178.6213369,19.05353084,6aeb9499-0c8d-49ed-99cb-75cd189e6cd0,e5bbad93-6170-413f-9466-0e75b0a8ea1b, this is comment for performance test on perftest environment  we can see the comments later  for small files for second perf test801
1b7ef04c-c5a8-4886-8425-43610add589c,20,238.3280149,292.0622636,b6a5c491-8ccc-4a5b-8a27-1504512d88eb,13f3b1d0-8dd0-40ed-8426-a9775b913b1b, this is comment for performance test on perftest environment  we can see the comments later  for small files for second perf test802
5b6af1ff-f75e-4cc6-b3b9-a5718e5dea13,20,80.28231472,126.4038549,2ca483d2-ea0a-40c8-a1f7-52072fb69e36,404f0cde-cab9-4e64-99b6-85ddb849b8a6, this is comment for performance test on perftest environment  we can see the comments later  for small files for second perf test803
a69e5985-63db-473c-b20e-d38d7aae19f0,71,361.6577935,97.70551735,bc447d29-9448-4718-9475-3ba1d1caece3,1b48e8c7-bf0e-4833-914e-465e4aa4b5bc, this is comment for performance test on perftest environment  we can see the comments later  for small files for second perf test804
9e54a574-d3bd-4455-9406-a29916a9f93d,2,352.4340722,94.68868439,6a6c342d-e430-44aa-849d-47274cf0d8b6,7db79c01-b57d-44c0-9246-dabbf34cd477, this is comment for performance test on perftest environment  we can see the comments later  for small files for second perf test805
62e43e61-1bbc-4c53-b23f-34d46747e551,190,306.7888626,68.3393476,3630a7da-d4d7-4018-be95-1b35f4a07f0c,cfadbeae-c5d5-476b-892b-d7057c2bca39, this is comment for performance test on perftest environment  we can see the comments later  for small files for second perf test806
174a299c-3d88-44fe-9ec7-d37c8d4739ed,177,154.6924383,175.5300059,174787df-7a18-4817-9240-ab9ed9216220,8340c8c5-dc0b-43b0-a268-c7b2666888aa, this is comment for performance test on perftest environment  we can see the comments later  for small files for second perf test807
f91bd4fb-e2ff-43e7-a9dd-55191cc69f3f,127,342.9951003,227.1895285,1f3759b5-d94f-42f4-8594-45aade674632,d673c8ec-25f6-49d5-9bfb-fcfbf47f53e1, this is comment for performance test on perftest environment  we can see the comments later  for small files for second perf test808
a2b8099b-38e4-4057-80b0-a066ea0fc8bf,14,495.7419525,123.8744848,64b956df-03a3-4309-963d-c39bf3c3c4c4,a36f17d8-b48c-4985-b8ba-b6518c61600b, this is comment for performance test on perftest environment  we can see the comments later  for small files for second perf test809
10e7da7e-7ce7-4799-b504-5bdd7bf3cfed,60,65.79477118,290.4764062,31a99a40-45a6-40f4-9695-e7a0e2d57c52,bf8ba380-a633-4b2f-99ef-c03113320aa8, this is comment for performance test on perftest environment  we can see the comments later  for small files for second perf test810
415a6501-f87d-49c0-8457-11086623d780,101,466.5054982,121.1179098,de43d0bc-cc6e-4c3e-9a47-26bd49108217,9ce9b8e3-01ff-4b80-891f-245140f1c413, this is comment for performance test on perftest environment  we can see the comments later  for small files for second perf test811
e32b5a5c-2ccd-4f78-9ab6-70becca90e4c,29,405.196708,258.4093208,28c9c984-5048-44d1-a94f-a7b5a9c21e5b,7111190c-a06a-4bb4-96aa-67515f61435d, this is comment for performance test on perftest environment  we can see the comments later  for small files for second perf test812
c7571e3e-0ba8-4f81-8e86-0f3b44042e19,111,392.7469047,249.7297465,4293ba73-8632-4146-aac0-bcef99e1b5fc,35ca246d-5f48-449d-96ee-b1084a07f155, this is comment for performance test on perftest environment  we can see the comments later  for small files for second perf test813
3d3ce276-84aa-4b1c-8f2a-4ab30cb1df8e,133,231.6832903,40.23191129,e2cfa23c-1ca8-415b-8f05-b4b64ccda005,7df0a79d-d414-4ac9-a6e6-6ad7ea7f8496, this is comment for performance test on perftest environment  we can see the comments later  for small files for second perf test814
8ca26c0c-bdb7-4b39-a683-b11d7d3c7f6c,124,348.3929194,186.4030606,4e1dce95-58ab-4200-8a04-a7acae6ea477,a88aaa80-f896-4943-a0cb-e3023c56d64a, this is comment for performance test on perftest environment  we can see the comments later  for small files for second perf test815
58415e5f-f3bc-44ba-8059-4cef3612946d,142,154.274433,20.16864474,8c1fd263-ac13-46de-b224-c1840a7af61f,0837a2af-3dcd-42ee-a02d-2226e9936674, this is comment for performance test on perftest environment  we can see the comments later  for small files for second perf test816
a5d5a634-bd58-4e01-8464-be36313000f1,27,85.7160204,233.6000244,d49aef31-3b78-46b2-b08d-f3964caf20bb,5f1f2160-aeda-48b8-a029-22a07bec992e, this is comment for performance test on perftest environment  we can see the comments later  for small files for second perf test817
4e74a6e0-f27a-4c42-b1ce-3bdfd1df2f10,68,101.8148715,250.4238371,e30cb78a-445d-4e0b-847e-7847ef6c9e42,fc8a4c6c-d541-44dd-b6f2-fedbdee8b2fd, this is comment for performance test on perftest environment  we can see the comments later  for small files for second perf test818
831fe9b1-32f0-4eec-bf54-b07f796bd150,176,355.467407,109.7247804,409eceb4-c5f5-417b-b77d-6b4171526e48,eb268010-4599-4e11-9365-290dcac587d6, this is comment for performance test on perftest environment  we can see the comments later  for small files for second perf test819
6b51daea-6b95-47e7-ae3b-ca9cd8ea0535,128,98.26975317,66.5745521,a6ead4cb-180e-46ad-9148-9c2bb1949e53,ff9972d1-8878-4919-8114-b8b00b70d6b3, this is comment for performance test on perftest environment  we can see the comments later  for small files for second perf test820
634fd153-2fe1-43c0-9395-5b0ab21dad16,112,184.5799978,271.7940736,1e982202-87cf-494b-b9b5-a13b7955a882,a39a2666-56ce-43ab-9b7b-e7ca355a7cae, this is comment for performance test on perftest environment  we can see the comments later  for small files for second perf test821
b72fc68f-db1e-4101-ac91-9bc61c642fd2,173,156.8841002,219.4455469,e0ed7e07-d35d-423d-b33d-24c39c87647d,7fdc9a04-0b95-48ff-96a0-b30626b63b07, this is comment for performance test on perftest environment  we can see the comments later  for small files for second perf test822
b8f53ab2-50d2-4aa4-9165-47c8a31a0e35,161,350.0987642,233.7168806,517c18e5-25f3-40c1-a03d-a79ba9cf32e7,9f588cea-cb29-4c4a-a834-e88a47715d1d, this is comment for performance test on perftest environment  we can see the comments later  for small files for second perf test823
ca01856e-c690-4cd3-844a-747db332eedd,97,134.0792266,129.5886466,585fcd40-4693-48f9-aba6-bc722f9ca494,5af84b9e-d70f-4326-8ddb-4dd8e92ba299, this is comment for performance test on perftest environment  we can see the comments later  for small files for second perf test824
4e8a9ff9-d6bc-4b40-a12d-1991e205a93c,138,82.90421825,2.023215139,ebd825e3-1997-4347-9426-20c5ced1e189,836aee0a-ca32-4ffa-90b7-28d02b0a0269, this is comment for performance test on perftest environment  we can see the comments later  for small files for second perf test825
532f0083-18a8-47eb-81a0-a2a90456b76d,178,370.380998,158.6036364,982437dc-0b8e-434e-b63d-7cea97b0fe7b,68330998-be23-4533-bef0-ab065c0b21d3, this is comment for performance test on perftest environment  we can see the comments later  for small files for second perf test826
086610ab-3c01-4192-b5e5-6c0c65f1416d,32,274.3751445,239.5494699,1a523753-fe2a-4f63-bfe6-781a98cb1ff1,730c6e9e-84d9-491c-9e58-df09c18a8f5b, this is comment for performance test on perftest environment  we can see the comments later  for small files for second perf test827
89d00d59-e8d5-4093-aa05-abb6918dcf7e,183,256.8945667,132.5878146,4a333026-4b9a-40e9-bcb1-ff33a53b8f38,00fb2d8e-30e4-45c2-bade-e09e58ae849f, this is comment for performance test on perftest environment  we can see the comments later  for small files for second perf test828
fe061d2a-1bab-4401-ac7f-1b5fe0fe01ba,181,362.6267052,248.2038365,de031b7c-cc4f-43f2-83db-314b9e2ecfae,b749d19c-3344-4cf7-a27d-a97fe65681da, this is comment for performance test on perftest environment  we can see the comments later  for small files for second perf test829
12a78eee-fd35-4b2d-9ee1-610d9816280f,189,467.1914385,112.9057801,2c1b2a60-8878-4b78-8837-e37d86359b1d,a426ac1b-b81c-4604-a5bb-38784df3d48e, this is comment for performance test on perftest environment  we can see the comments later  for small files for second perf test830
acf09fd1-640a-44d2-8159-46c9f3a401c5,112,385.035693,273.0754403,7ceb0cb1-ae3a-44cb-b726-3d8ecac596a1,d3561995-f985-4144-a434-8f4de48f9cda, this is comment for performance test on perftest environment  we can see the comments later  for small files for second perf test831
6c3139d0-667e-4617-adb0-786061ca0dec,144,287.2253136,218.2090454,4fdd15a0-681e-426e-96e0-8e033d16fdfa,d2ba46dc-2462-4cea-9e6a-4984245206c8, this is comment for performance test on perftest environment  we can see the comments later  for small files for second perf test832
7b7b8384-8856-4d7f-bf99-a2e31d50172d,192,291.5395506,61.9513695,9ef6abc3-59ba-4c95-be57-d6f4ce8f294e,6729c94a-2ca6-4009-98f2-b605cb5ddb29, this is comment for performance test on perftest environment  we can see the comments later  for small files for second perf test833
c1499be0-7523-4ece-ac1c-e59a8f05372b,18,22.25155771,228.2508456,5a2f669e-3467-4708-8b38-f7b04638c9c7,00ec9983-dd85-4ba8-a385-87961ecc0e76, this is comment for performance test on perftest environment  we can see the comments later  for small files for second perf test834
ab6b2197-19af-40b9-8720-e68781503210,105,183.2203581,83.46580511,4d16c3db-b809-4c8c-82b5-dbe912a55b59,a4a01023-95bb-4440-b4c6-bc713bbd892d, this is comment for performance test on perftest environment  we can see the comments later  for small files for second perf test835
fea5df2e-882a-4730-ac01-797ee107b9f7,19,207.8346757,127.6395024,b5026265-5a40-491b-b21a-eaecc9ce9e3e,7f96d504-0b34-42c6-be37-b77d3c973a3b, this is comment for performance test on perftest environment  we can see the comments later  for small files for second perf test836
5b4c360a-b2a8-4791-afad-8ea9ad48c68d,125,235.9471684,31.88682417,81ba29bd-07ee-4a6f-bdd6-1b49fd428519,f504ae07-ae18-49a3-a228-84f96f2a3809, this is comment for performance test on perftest environment  we can see the comments later  for small files for second perf test837
ccdd323e-248c-4ca2-9c96-ba1712515717,136,360.9719279,248.4227155,27107b72-ea71-48d1-b546-1f59f78863df,ffe48034-fea6-44c6-8c65-6aeb8c0f8c67, this is comment for performance test on perftest environment  we can see the comments later  for small files for second perf test838
7d06275e-4250-43a0-bac1-a4f92e0095ef,143,275.7768582,21.77350673,4437dd12-56f6-4c1c-91ee-c67e0d57f0a4,023d0c90-ff2b-41b4-8284-af870dc327d6, this is comment for performance test on perftest environment  we can see the comments later  for small files for second perf test839
f0a46b59-264a-4106-9614-8380e335add4,55,172.1580539,80.52485804,46d1898b-e3e0-4dbb-b3fa-dbe9a0277331,b2f7e51d-8e5d-41f6-91a0-eadd75c6cbc5, this is comment for performance test on perftest environment  we can see the comments later  for small files for second perf test840
82986056-104d-4365-82a1-97ed8ee0f64a,149,26.26686703,247.7952312,adde0fad-9d0f-4188-940f-83100c2027dd,c1a29264-5653-4b00-9ff8-481ae46b251e, this is comment for performance test on perftest environment  we can see the comments later  for small files for second perf test841
eb28fa6a-281d-4694-88aa-f5770de971f3,59,215.822945,13.86362335,e6d8f373-c3e6-4a93-ba16-e648ff345d48,ce4f28dc-828e-4379-95a0-d4063dc38309, this is comment for performance test on perftest environment  we can see the comments later  for small files for second perf test842
c7ea4ad3-a422-4570-9ceb-bf54ce89ecf5,43,456.1343962,26.84563109,2bf1b9ee-4479-4707-b8c3-f4b97494681a,b883d2e5-f523-4347-a14a-3f0013c61e6c, this is comment for performance test on perftest environment  we can see the comments later  for small files for second perf test843
856f287a-b92e-4d97-8c12-528e5494f0bd,21,386.886579,244.8056256,cc51928f-fe8e-4b5f-90d3-8f81e9697dfe,a0cf971a-5792-4b8c-9655-089baf6aa640, this is comment for performance test on perftest environment  we can see the comments later  for small files for second perf test844
0dd3f00e-8abd-4440-aa62-1ad2bedea49e,37,325.5444891,225.7179675,db75ec6e-4a6f-4b95-8a92-5664ab1ed9dc,266fe092-7376-495a-b0bb-dc916c505308, this is comment for performance test on perftest environment  we can see the comments later  for small files for second perf test845
29828ac4-3f23-4061-b240-0841a5697754,94,8.023684033,200.901864,f9d6c7e8-efb3-44ed-9b68-f37cc146529f,dd808e03-46f9-4032-91e6-a92dbebbc1d9, this is comment for performance test on perftest environment  we can see the comments later  for small files for second perf test846
14cc68e4-27d2-4779-8c3f-01fe868ef309,192,390.8984918,259.1095975,5665c1ca-fd43-4ae7-b446-fad62fe06349,88445d20-63ed-48f1-8a38-159cd7173311, this is comment for performance test on perftest environment  we can see the comments later  for small files for second perf test847
6a17644e-93d1-476f-aaea-5382e7383db8,50,384.3865037,154.0528233,d9348791-7a2b-42f0-b32e-5711b3a61151,ca665de4-9424-4496-912c-befebef6c883, this is comment for performance test on perftest environment  we can see the comments later  for small files for second perf test848
d567e711-8396-486f-8e41-bbe234f0a17f,78,359.9393217,122.2292467,208e1c68-85fd-41a3-ae94-301e1dd0c6fd,5636cbc3-58ca-4b3c-b714-9a3558b27629, this is comment for performance test on perftest environment  we can see the comments later  for small files for second perf test849
b74f64a2-1dbe-4468-bc99-afb9d80b6b41,100,459.7022333,184.9330146,864cc56f-af3e-4a4e-95fd-5209566b09c1,bdd810cb-8528-4306-889a-ce26cc0ccc7f, this is comment for performance test on perftest environment  we can see the comments later  for small files for second perf test850
ec57cd8d-a5a6-4bbb-8ea8-f6346281e491,33,443.3403944,128.9893255,21950348-5474-4578-a1d8-c634b1f11583,bc527539-65a1-448c-bc57-67ad422840b8, this is comment for performance test on perftest environment  we can see the comments later  for small files for second perf test851
258c17d2-c75b-498a-9ecb-d74c30da2ec9,69,185.4884419,126.2611719,adf0eb79-013f-4a9e-9f1a-e54efb4a21b4,576afb24-b27d-45bf-8fff-c91596c7e70e, this is comment for performance test on perftest environment  we can see the comments later  for small files for second perf test852
fceb9b6f-87ee-4247-ac18-0d49bbd175df,112,476.1902263,91.43973688,70307bb9-39c5-4392-a49e-2dad36b7dd07,dcb3e7aa-e5c4-486b-b04a-2dc210058b17, this is comment for performance test on perftest environment  we can see the comments later  for small files for second perf test853
2478867f-f3ac-4849-9e54-71926d9beb3f,119,0.196478963,34.00307761,c6caad7b-b506-492f-9447-cc49bdce9c2e,30bbd46f-28d2-4b4c-b923-fd0d23662ab4, this is comment for performance test on perftest environment  we can see the comments later  for small files for second perf test854
c184838e-4e9f-4025-af46-d3956d8badff,121,356.8495644,206.062815,648c6554-5182-48e7-9d98-9d9fefb7d9bc,433f944a-f729-4b79-9b69-28eebed0b09a, this is comment for performance test on perftest environment  we can see the comments later  for small files for second perf test855
433f2be3-e714-4f56-bcde-a9ade9f2049e,151,9.918893607,262.5696055,9916e5e9-2b21-4759-ac1b-bb9e293048c7,65054221-9b75-414e-b26e-902b540e3699, this is comment for performance test on perftest environment  we can see the comments later  for small files for second perf test856
fe92c95f-7805-4fa6-b85e-830e01bcfdf8,103,393.9064105,66.68846744,aaa1580d-09fc-4dc6-bd3b-2927616e0b63,4eb90329-048a-4daf-b24f-5cb4f5fde7e8, this is comment for performance test on perftest environment  we can see the comments later  for small files for second perf test857
cd607db7-b790-4ff2-b059-d6a38a6b6018,124,110.3396704,240.3160818,b6ecf644-a57e-4cab-8ec4-05ef81a7ffad,11a18216-37a2-43e6-8f5e-7c304e91d9a8, this is comment for performance test on perftest environment  we can see the comments later  for small files for second perf test858
9d3c8626-91ea-42fe-8cfa-dc24268e848d,6,260.1867245,287.5530231,a6006492-0149-401b-bf64-5d0f418b731f,3d9c2778-105c-4c1b-b4d2-464d7df361ca, this is comment for performance test on perftest environment  we can see the comments later  for small files for second perf test859
3f31508b-e154-47a0-b82d-bc98ceb2752c,76,20.25960127,257.0157261,9cbc0864-602f-427b-940a-b115e3302206,a159ad91-8fa9-4ee6-bf20-1c12497836d4, this is comment for performance test on perftest environment  we can see the comments later  for small files for second perf test860
dfdb7bc5-edfd-42b4-9461-e8ab5aa08d96,48,220.2335108,280.4269839,db89cf01-140c-4aff-9b17-f137668e85f0,04325a1b-2ac9-413d-9056-9b0c84429ca5, this is comment for performance test on perftest environment  we can see the comments later  for small files for second perf test861
6f1ad77c-d180-4f7d-a518-e9af444d7263,95,350.6264544,276.3880004,13ad34da-4526-4b2b-ba88-f59959c1d5b4,763edc31-892a-4140-a30c-3bf6b3e5fb6b, this is comment for performance test on perftest environment  we can see the comments later  for small files for second perf test862
48664ec4-cf22-48d5-848d-98f087aa0c62,115,242.0200421,250.3494667,f4a9636a-ce0a-4f09-8f68-c6e1fb4f6dda,c7d0a365-d5d8-4ed3-90d1-24a28ff11d3e, this is comment for performance test on perftest environment  we can see the comments later  for small files for second perf test863
6e847824-39d1-4372-9740-1c55d5756633,104,85.80861952,129.1924485,e3bd9c23-eb32-43b5-bee9-6ad462867da7,ce0d7ce7-6781-4dcd-bf72-d2cab2b3eae2, this is comment for performance test on perftest environment  we can see the comments later  for small files for second perf test864
f246f590-e294-449b-889e-ed07acf5aa9d,178,291.0277931,70.46777875,859cb758-8f90-48fa-b17c-25a3433bbf3c,8ebb21a7-0e41-4218-979d-2b5cc0787471, this is comment for performance test on perftest environment  we can see the comments later  for small files for second perf test865
bba07d0a-437d-4438-9f69-bae8e9a517f1,131,343.0803639,219.8929314,afed2669-7d01-4e4e-ae35-7f5f661d54d2,f628d624-4788-44ee-ab52-5431198f8fe4, this is comment for performance test on perftest environment  we can see the comments later  for small files for second perf test866
69dccf97-f4a9-4fd6-8bee-4c00259c2797,77,74.74607091,209.4883932,627ed734-6ee0-4f7b-873e-d9da6eafb570,c900d6af-8125-4d16-8922-5bb39d29d5e0, this is comment for performance test on perftest environment  we can see the comments later  for small files for second perf test867
b3bc8525-756c-49da-a16a-c4ca8c5c6691,153,225.0803882,100.5618791,8dcd41d7-201a-41b2-9304-a1b10e90b2b8,45cc4fd6-e12c-44c3-b38a-34f74cfd9bb8, this is comment for performance test on perftest environment  we can see the comments later  for small files for second perf test868
e83c5457-0667-4fac-bd82-009d186cbfac,118,196.1281131,58.56195665,823045cf-ba65-443f-bef0-088a27d9fde7,559fba7e-ce35-4bd7-8862-6899843f67fb, this is comment for performance test on perftest environment  we can see the comments later  for small files for second perf test869
a7bea554-d623-404f-8cd0-44bc83fb10ea,69,422.4446709,126.696849,940b8c8e-0aff-416f-a99b-8a4bd77dd251,95740412-8bc4-45d0-9e81-d14d4076cfa7, this is comment for performance test on perftest environment  we can see the comments later  for small files for second perf test870
3420c3ae-4ec3-4b4e-a3e9-997a106713bb,121,46.99192166,157.8748463,1fb8a85a-834d-479a-86b1-244b7efbc905,f980c99b-6468-4f80-a95c-363b332995a5, this is comment for performance test on perftest environment  we can see the comments later  for small files for second perf test871
c90b23b0-e089-4a6b-b8a5-b44552aa497b,121,229.9201914,172.1930535,2645e879-e672-48e4-8958-20f76f088b85,409d28a5-a0e2-4105-be81-71c2d456fb9b, this is comment for performance test on perftest environment  we can see the comments later  for small files for second perf test872
62dcec8a-1ff4-45c5-b9ce-12995b83d8f5,185,436.6473086,28.18904632,ae8b4efa-6229-43f2-b1cf-afb65b590fe9,4568ef5d-00b4-46fe-bc7c-9329be661c56, this is comment for performance test on perftest environment  we can see the comments later  for small files for second perf test873
5ab2dc56-4718-4a56-8ebf-97c8a3592e2f,38,39.99456618,145.1483437,72e865c2-8f4c-4e04-b594-8f41039f7f86,cd976a2a-d6e9-4721-841e-2d7323f6c1ea, this is comment for performance test on perftest environment  we can see the comments later  for small files for second perf test874
82bbacac-f30c-4768-8aad-524e4d3b7bad,49,290.4645425,167.0104252,220380d4-c4dc-45df-8928-358a711159eb,972c1882-d8a0-422a-b736-7d739a43e568, this is comment for performance test on perftest environment  we can see the comments later  for small files for second perf test875
2410c7b5-6f43-4d49-965e-8640da324cdf,117,490.3216664,226.8271693,75337f1c-a05c-4a7d-89ca-9f054a180af3,acd010c1-4fec-4643-a498-52543659ea19, this is comment for performance test on perftest environment  we can see the comments later  for small files for second perf test876
ba019fd6-ef15-4f45-84c2-9c1356d34f88,29,49.41202248,72.48494345,a2697376-d8e6-4bd2-8268-178c85864b8a,ee82ac79-0992-40c2-9507-6d0ad6b52571, this is comment for performance test on perftest environment  we can see the comments later  for small files for second perf test877
ecbbab1f-ecb3-4cc7-ab98-41e68b875cc3,155,292.8188695,256.3950255,03268d97-06bb-4da0-aba2-dd9e602bb2a2,a9737fa5-a8ff-449a-ac68-b9b3cc4e3e10, this is comment for performance test on perftest environment  we can see the comments later  for small files for second perf test878
f675b204-4415-42fe-bba8-bb81996d16f0,175,459.9575086,86.59596127,de34480b-2b6a-4d38-b372-028b74098d93,251ba896-31f1-4bea-9423-320cb4334c53, this is comment for performance test on perftest environment  we can see the comments later  for small files for second perf test879
831ef940-f9a3-4e3d-add8-48ff7bd1736c,179,227.0246451,271.4351959,b10e8654-cc0e-4f92-be32-a7336d0b777c,3b2c0d7a-e48c-471a-ba48-26f06c00c784, this is comment for performance test on perftest environment  we can see the comments later  for small files for second perf test880
c967d045-5426-4d54-8d77-4ec8c1fff8de,100,217.7615586,30.401753,528cd086-9411-4273-a91a-07be0ca5209c,3b71c245-b9d3-4b02-973d-9555af02b176, this is comment for performance test on perftest environment  we can see the comments later  for small files for second perf test881
9a88e1a4-fae3-42c0-8b7f-04a0ec6b24d0,180,162.8458361,295.3185478,816d972a-3f7b-4fd7-95f8-045863916eda,177f59f7-a709-4eb0-9025-a53dbb1f43a7, this is comment for performance test on perftest environment  we can see the comments later  for small files for second perf test882
e722a15b-6675-4280-9d6a-f0e8f23ef964,32,145.3452673,292.108934,d0570a61-bab3-458b-abc9-626e91406aee,55ae8f95-553b-4f01-8e72-644d6ca78f5a, this is comment for performance test on perftest environment  we can see the comments later  for small files for second perf test883
e2cf803b-a2ca-44bf-acdd-ba5c4873d45a,70,198.8333053,157.8200586,c0d17204-5969-486c-837e-8262b52d2f49,2a19d223-8178-4428-ac4b-be3e74c38c71, this is comment for performance test on perftest environment  we can see the comments later  for small files for second perf test884
d6515c15-3c6d-4c39-a8b2-7609052eb0d2,154,368.8737279,179.4864072,649aff88-6c0c-4f5e-8188-a005fc3fc746,9ba92d47-ceed-4aa9-97aa-397827705a1c, this is comment for performance test on perftest environment  we can see the comments later  for small files for second perf test885
1b824300-37e4-4d83-9063-2a463acd04a2,169,183.1879522,154.6302359,0bfb19fe-42a3-4a75-8b02-7d1038bda08b,f0ddd1ec-d5a4-4273-8317-ae704cd75cc8, this is comment for performance test on perftest environment  we can see the comments later  for small files for second perf test886
becaff08-0871-42ce-b45f-dc74e4c41dd2,97,461.2893904,93.81071895,ad46ecbb-f956-4705-9083-2e4b92859faa,5001e640-b448-471e-afdf-e234fe97798e, this is comment for performance test on perftest environment  we can see the comments later  for small files for second perf test887
0777a5e1-76de-4b7b-9ebb-8bc507f5115d,36,483.3335313,268.3267321,4b090df8-7824-4131-9fde-de1b0e7910a5,a18a4f9a-e259-4e8b-8c09-bf0b313b6e3b, this is comment for performance test on perftest environment  we can see the comments later  for small files for second perf test888
d4de01e3-4898-43d4-b3ef-3cf751d20979,49,35.61751698,107.0829109,294a4d27-bc42-4643-97d8-66dde3b84d3d,3427871e-dac2-43a9-8224-2376b2e072a3, this is comment for performance test on perftest environment  we can see the comments later  for small files for second perf test889
95aea38b-09b4-4d1c-b8a3-81308fed9f5b,189,304.556603,100.7438398,6572d1ad-812e-4630-8612-d5e679812fb3,cc5e62ba-6752-4a0e-bb66-3a2f959f9459, this is comment for performance test on perftest environment  we can see the comments later  for small files for second perf test890
20ee53d5-6fff-40ab-a29b-aa01e0e36ae0,100,374.1507403,138.1194076,30c65aa4-2ea8-439e-b20f-e2478f348b64,81526763-9b7b-4aa0-a3ac-ff005b062219, this is comment for performance test on perftest environment  we can see the comments later  for small files for second perf test891
5bd56d4e-b753-40c3-bbf7-7ed045e01d29,54,133.3011233,231.3606785,7ac2ef4b-40c6-4fb1-a4b0-9f973ff5c7c0,dbe36d14-eb58-47b0-b18f-4a0a18565dd6, this is comment for performance test on perftest environment  we can see the comments later  for small files for second perf test892
ddc2c0dd-c148-470f-80ba-f9983dddb4c5,161,335.6395972,238.3059641,cce11a4a-7915-44d4-bb67-de701803477e,0acdec87-657b-40f8-ab7f-bde0cfb56a17, this is comment for performance test on perftest environment  we can see the comments later  for small files for second perf test893
335d4a6d-b830-4aa5-8a80-e201bb633c2d,25,211.5483898,134.2407415,ec51909b-5892-471c-8f14-f33cf438de12,e9e94fb6-3b16-44cb-95ec-552f74504a7e, this is comment for performance test on perftest environment  we can see the comments later  for small files for second perf test894
c6a2abda-9374-4d25-835e-e18f1aa6380e,100,486.2462824,202.8893132,86ebda39-33b5-48ce-b780-fecbfaf5c396,2979149c-6e16-49c1-a950-38981044f701, this is comment for performance test on perftest environment  we can see the comments later  for small files for second perf test895
3d5e7f08-3d0c-4c63-b73a-8bc9e5dfc4f6,192,386.5810951,37.17669564,0da4ab12-b26a-4bec-afd5-7a2401da7a6d,6568d26e-6d71-48d6-ac79-98a5ee0449f0, this is comment for performance test on perftest environment  we can see the comments later  for small files for second perf test896
36745470-fa0c-4702-9a57-3a085e8f5230,79,291.9733782,158.8016681,0da24e10-f265-4e1c-9d90-c85c0c20ad67,36dbb9e1-28ef-4ac0-b6af-8aeb8f1e6710, this is comment for performance test on perftest environment  we can see the comments later  for small files for second perf test897
46d67c56-ae40-4565-8460-9729d6e3ad27,106,237.5302943,110.0676208,686ea447-c307-486a-9743-04f4946401dc,c52fbedc-f10b-48ca-9580-09b4562d0596, this is comment for performance test on perftest environment  we can see the comments later  for small files for second perf test898
baf777ec-318b-4f7f-96b9-7fea42d0b016,146,205.1083592,11.86878529,0f501258-90ff-4fb9-ae44-7d2f98568b5a,47133141-6ccf-4e77-af26-7ef95af8864f, this is comment for performance test on perftest environment  we can see the comments later  for small files for second perf test899
7a3b83a2-9be2-4dff-a84a-29cf133fc503,37,154.5815845,258.2868516,e1eb9d7c-ce78-44e9-8c48-d3a136042c6e,b0848a6b-e11e-4dca-ac5d-134bac101e96, this is comment for performance test on perftest environment  we can see the comments later  for small files for second perf test900
7eb77fc5-1f43-415b-8aae-e8f261cf6bc2,113,387.9168925,133.1040896,17842d1d-ad35-4712-a4f7-c4eb59e480bf,35d50545-b7b5-4556-8280-840d2b4eb447, this is comment for performance test on perftest environment  we can see the comments later  for small files for second perf test901
305e32ca-7dc8-4f92-b32d-b7bc3dba2a3d,121,347.6520599,193.0553394,4eed0ab5-40a9-4bc0-a15f-aa0e145ac30e,5c2bdfb0-67dd-4407-92c0-18466ee41884, this is comment for performance test on perftest environment  we can see the comments later  for small files for second perf test902
0161f1ed-9793-4b6a-b169-6c385f35406a,97,479.7993136,170.4633534,94122f4c-db87-4838-8fec-efd3349ba83a,75aceeef-7f4f-40a5-9eb5-42ae08f91f68, this is comment for performance test on perftest environment  we can see the comments later  for small files for second perf test903
e771f310-4e4a-45f4-93ad-bfd70323b497,56,233.7638816,40.84799867,0a5d20fd-a2eb-4d94-8290-11f6919c16bd,f4015278-a632-4472-a5c8-aad5523b30e5, this is comment for performance test on perftest environment  we can see the comments later  for small files for second perf test904
9bba4508-c54c-40f2-87c7-302f42269976,169,214.2571745,285.3143696,22d988b0-6ac8-4531-8333-8bedd48fd365,ba9c124f-c582-4ab6-803b-da5d2e030621, this is comment for performance test on perftest environment  we can see the comments later  for small files for second perf test905
6de1b63d-c86f-4e17-96e4-4123a8fa339a,178,402.189668,162.9224763,51c4dca9-f071-4082-9a2a-c86781e56688,65e78bba-20a2-4441-b60d-9cb892d17295, this is comment for performance test on perftest environment  we can see the comments later  for small files for second perf test906
ef3127c0-253d-4309-986a-f4c857174444,157,87.60344653,254.9118321,01ae8763-c015-4820-a339-8bbd2cab6e7b,8709aea2-e811-4997-9185-319d52dc9521, this is comment for performance test on perftest environment  we can see the comments later  for small files for second perf test907
f1f239e4-4d0e-45fd-9e05-591a809c1ee1,102,75.62374281,123.5261349,556fa227-fc83-416f-b22a-db4b228e8f42,ad98d5b2-eda3-4669-87c4-1009535e73e0, this is comment for performance test on perftest environment  we can see the comments later  for small files for second perf test908
852152ce-6be2-4984-a3ce-314f8b7d46e6,176,329.1265471,177.8719693,3980b65a-4581-4e8c-a199-598625b0acdf,418ef9b5-3acc-446a-926f-62d7131eb045, this is comment for performance test on perftest environment  we can see the comments later  for small files for second perf test909
211d7c29-944d-4571-a575-00859dadfc68,33,76.97475737,299.6257356,6204ce9d-4cdb-4796-8e65-d6811a7b0992,af7300a7-d908-48b6-93cc-a85828b31a19, this is comment for performance test on perftest environment  we can see the comments later  for small files for second perf test910
6fea3834-719d-4c56-b054-69787742f44f,158,302.5630018,270.0883286,611b94c8-0bf0-4d94-a0df-5f914fa8429d,4de372bd-ba15-4da4-8e83-1f299ec5e5ed, this is comment for performance test on perftest environment  we can see the comments later  for small files for second perf test911
e9102257-1f27-424e-9404-df80a75f749b,62,13.64721599,58.59640373,1ea345b6-d7a4-48e4-ac91-d939414ae5df,32b2e494-024c-4088-bcad-caadf2899287, this is comment for performance test on perftest environment  we can see the comments later  for small files for second perf test912
f7f78d21-7d42-4cb3-866e-4f6095851751,24,9.857460578,296.3557138,f44d3e54-6e5c-4a08-b17f-736831675a48,ab28b23a-4ce8-41bf-bb22-9b000b869ef7, this is comment for performance test on perftest environment  we can see the comments later  for small files for second perf test913
6baecbc8-97fa-4baa-8662-9eec7fa8ec5b,99,404.0904633,174.7440078,71deed5b-4636-44e1-a073-b4605441546d,e5ab24e0-967d-4fc8-84ff-d2207f753dff, this is comment for performance test on perftest environment  we can see the comments later  for small files for second perf test914
8267bcac-ec1a-4cc3-abc7-a07e13430d3d,166,172.3443744,127.3736722,060a86be-62d0-435d-b6db-ed760edb1af4,f5b56d36-44d0-4aae-8c51-30479b6277d5, this is comment for performance test on perftest environment  we can see the comments later  for small files for second perf test915
ba0e02b3-0638-4abb-b0d3-bb01891dccad,13,80.58753486,56.42445442,802716e1-a4b8-4807-9339-cb4619db17c1,de74a6b9-b917-421e-90d6-137a874e4f37, this is comment for performance test on perftest environment  we can see the comments later  for small files for second perf test916
7d059bca-ea7b-4e93-b45a-5ba1aa880fda,102,432.1603259,123.5452556,c7cc2b01-88e2-4801-932e-49522ce40786,4f95cf3f-8f92-4a9b-89c1-b8f80490cc8c, this is comment for performance test on perftest environment  we can see the comments later  for small files for second perf test917
af4f1fcb-7204-47c9-8c67-5a2c22fb8042,103,404.3149572,147.5319091,7ad26b10-5bd4-4df2-a542-c201d6726a51,f8887b58-f1d8-4350-a020-7a6ca980b364, this is comment for performance test on perftest environment  we can see the comments later  for small files for second perf test918
d941f445-1e73-4c04-a071-2cb2c51c4407,185,71.81539135,283.3951774,b2183d97-443d-4af5-9d4d-e68138d1c2d4,c30da1df-29d0-4bcd-8cf4-a2b3ce603031, this is comment for performance test on perftest environment  we can see the comments later  for small files for second perf test919
b3da4cf2-8d96-4990-94af-259352898451,73,456.1478771,148.9864541,e86e8472-d76e-4604-aa16-eeede98bf890,0d45064e-8703-410a-bf1b-0a1c977fd4c1, this is comment for performance test on perftest environment  we can see the comments later  for small files for second perf test920
dce8884e-ab50-4130-ac9d-32cef0ae55e6,61,464.7803899,264.3914707,c8d8947f-eadd-4ce0-8c82-0f2200f9a01d,eac867a0-5259-45fd-8874-edc32ac1f1a6, this is comment for performance test on perftest environment  we can see the comments later  for small files for second perf test921
a9f21224-4621-4750-a32f-31cf391d9649,67,212.9699538,115.3528652,df24c2c7-fedd-4396-b9e8-b7209e2d4973,f19065a2-2e85-446c-b035-778c82ca2b7f, this is comment for performance test on perftest environment  we can see the comments later  for small files for second perf test922
fc272dc1-1405-4cc9-8b58-6138566714f9,199,190.483758,122.914222,42a3966d-a416-42d3-8b65-872740ba4762,7f7a54f2-c13d-449c-b01f-00407c3d5743, this is comment for performance test on perftest environment  we can see the comments later  for small files for second perf test923
75c0ff59-53bd-4353-99ba-205eab287071,134,163.7681867,170.7218934,1f5a6b27-f9ee-4140-8911-fc8c3816c014,74de2717-8016-4520-be8c-4c65a14dadbf, this is comment for performance test on perftest environment  we can see the comments later  for small files for second perf test924
616c2162-132f-487a-b485-9b14bedbffd0,116,217.4965439,165.0872976,fe688a08-1689-4c1a-861b-7d02e34d8f0e,b7d8d067-45f7-42ea-a776-b4626987f2e7, this is comment for performance test on perftest environment  we can see the comments later  for small files for second perf test925
90c2471e-c47e-485c-849d-80205c66f5b9,72,452.8819285,97.40107724,ff6030b6-ab5c-4ba4-8477-5be8488ec080,710546d7-4ce6-4950-9b37-fb0ff0a35afa, this is comment for performance test on perftest environment  we can see the comments later  for small files for second perf test926
e23b0b4c-0275-40a1-9a1b-e2e9250bb678,170,146.5916143,264.74644,d74d7f4e-9ce8-4484-8d57-920cf079c274,f3c8749d-8fc9-48bd-b9ee-ab81afe68576, this is comment for performance test on perftest environment  we can see the comments later  for small files for second perf test927
e2109de3-1e90-4533-a441-3ff765a7dac7,128,385.7023794,185.7748694,432343ac-be08-4561-a793-563a354325d3,b8d5db8c-ec5d-4587-b0d4-cae81beb9c3b, this is comment for performance test on perftest environment  we can see the comments later  for small files for second perf test928
457a9c25-9e6f-455d-8064-a7028ff6def0,18,226.9077462,154.0986065,4b564ebb-2886-40bf-a97c-124ff96f89d4,65f733d1-f577-44f4-b7d5-54271462d40f, this is comment for performance test on perftest environment  we can see the comments later  for small files for second perf test929
df301bb1-40f2-4a8e-ae61-24af3012944f,96,382.0896775,37.94584053,d0116427-3597-4b3f-8f95-cdd96cdbab1a,58c75791-b6ac-4fe1-8a29-08c374f74a8c, this is comment for performance test on perftest environment  we can see the comments later  for small files for second perf test930
1cc9b39d-04e4-47c1-9d19-90d2c274d8b9,179,3.180481245,218.3299975,186fc449-86c8-4c25-bd79-c54a5047018f,ad8adc41-8c02-4aba-848a-1c3bbe143d72, this is comment for performance test on perftest environment  we can see the comments later  for small files for second perf test931
f2ade141-1eff-4b90-a8a4-57810956a7f8,149,187.9357504,149.5664236,d7ddb8f4-ff81-4b84-9d70-42dd8f93a8e7,73f1c637-4c7b-4240-85b9-0cdd2d9d099f, this is comment for performance test on perftest environment  we can see the comments later  for small files for second perf test932
684ed94e-3b48-4d95-a291-b9813f129148,97,207.9088203,220.8074583,83569d57-b63c-4e9b-8d06-dd454917841f,f0f389db-77f7-4bff-a65e-50fc0b208b4f, this is comment for performance test on perftest environment  we can see the comments later  for small files for second perf test933
2783b5ee-a38a-401a-8baf-40096bb6191a,85,39.73287869,0.780971523,a4dd4ea1-35d9-44d6-8fdc-27af0a481e44,7a3e5e5b-d952-4e01-980f-c05622d95d8b, this is comment for performance test on perftest environment  we can see the comments later  for small files for second perf test934
196b8e02-6fdb-4ffa-9726-750b52006e83,9,90.83537462,120.4126641,1d5ac948-aa68-4338-b3e5-1b662059daff,cbd39643-3c41-409f-9a42-2ecd7100e10b, this is comment for performance test on perftest environment  we can see the comments later  for small files for second perf test935
775ecc75-432f-4a1e-99da-232dbdab4347,170,40.73026243,79.65215003,69f7bea8-6a91-49f5-8cb2-cf969f457d43,2865b9db-2cb9-442c-940a-582870732933, this is comment for performance test on perftest environment  we can see the comments later  for small files for second perf test936
aec843f5-23f4-44d4-bd01-b939ba83839c,126,139.0901021,238.3382663,f901191f-0622-4409-ae04-9bc91bfd21c3,1c9e0bb3-3639-41e1-85d8-ee7a1ca3ff53, this is comment for performance test on perftest environment  we can see the comments later  for small files for second perf test937
30404043-81f9-4684-a490-b312f94c62e7,55,231.2316339,190.136402,7aec5897-92c8-4a96-b5a6-ffae1d85614f,42a07da1-ea96-4ee1-8dab-bdea96fa1a6a, this is comment for performance test on perftest environment  we can see the comments later  for small files for second perf test938
4c1a5d13-58a8-4a6e-8263-7bc5baa727c2,15,218.0867019,136.3090436,0770d36a-713b-4e15-85df-585e9346d642,1f8482c2-a15e-47b9-ac30-fc597d202b5c, this is comment for performance test on perftest environment  we can see the comments later  for small files for second perf test939
9784ef12-034f-4729-9bdd-817353170e89,98,286.699398,25.95600121,3cb71c12-f8f0-430d-b7a4-235a5d122c57,9d7b7acc-d1eb-46ac-b763-8a07088f7e78, this is comment for performance test on perftest environment  we can see the comments later  for small files for second perf test940
115251f6-9baf-4827-8de5-422d16705001,156,87.50227505,131.1802024,9db05b9d-8162-438e-b886-581d65dc0bfa,ddca675e-ffee-43eb-8cd2-55c665aa022e, this is comment for performance test on perftest environment  we can see the comments later  for small files for second perf test941
70e5e03f-6143-45f3-9d24-e8cfdc2a7825,114,233.4182089,175.0078981,a589c2fe-95ef-42e2-940e-b064167322a8,fab3c59b-2d06-4189-8094-eda8e0d776b5, this is comment for performance test on perftest environment  we can see the comments later  for small files for second perf test942
22b87c3b-5962-4365-9b18-1494ee7f6140,122,73.59259684,218.2847246,84903447-bc6c-482e-9cd9-9c668b145d9b,351767f0-0d88-4291-a1fe-35e33339caf8, this is comment for performance test on perftest environment  we can see the comments later  for small files for second perf test943
ae72519d-760f-4be1-9676-04d0fa8f96be,109,146.3016257,173.7329353,2d5aa5a5-8147-4683-93e2-e57584cbaac9,6923f33e-6664-4cba-8ee8-b7aa397af5fa, this is comment for performance test on perftest environment  we can see the comments later  for small files for second perf test944
b671b08f-4a27-47a1-8438-d0ba23b5ab37,153,112.3095075,185.387304,e34d6aab-7d47-4a5f-803c-4432a27f5d95,208746d9-bcd8-43e0-b218-50f8f69c404b, this is comment for performance test on perftest environment  we can see the comments later  for small files for second perf test945
fe82aead-7c08-402c-b608-a83a5dd9e4fb,193,61.70757512,113.6855408,9e7133e3-8264-407f-adbf-7e579c4de01c,53eaec0a-42cf-4e2e-a5a1-6bd7c2c76db0, this is comment for performance test on perftest environment  we can see the comments later  for small files for second perf test946
9a72d063-fce9-4544-a8e3-8198c92e5c72,120,394.2443501,274.8545473,e1716323-684d-49c7-852b-162341cae088,4f1aadf1-fb21-4f48-919b-89f979b746cb, this is comment for performance test on perftest environment  we can see the comments later  for small files for second perf test947
5173878f-80f7-4949-a9c4-482d3f3f597d,51,460.5056861,83.99983365,2d52e688-ffc4-4eb5-be8a-a932511b247a,4d443a47-7954-4c47-ad71-2d63d7563b3a, this is comment for performance test on perftest environment  we can see the comments later  for small files for second perf test948
70a044c8-497e-4a08-8df5-13752dca389b,14,317.8114283,199.4304947,ec8385c8-d868-4ffa-8096-5b45f6f1fbb9,328ecfaf-edcd-468f-bf6e-5256eca79dfb, this is comment for performance test on perftest environment  we can see the comments later  for small files for second perf test949
4d3da144-7d82-489a-8124-06d79a3caff2,6,24.69451047,173.2103787,77c5d055-3ce6-49f4-b0f8-1325f65aac3c,5f80c8b8-1fd9-4533-b7a4-23d289d3f3ff, this is comment for performance test on perftest environment  we can see the comments later  for small files for second perf test950
59c1e356-3422-460f-986d-f35b035c9708,149,290.2317957,219.1376859,31e341fa-ee2f-4baa-8f17-5761b325f761,8c5330e3-a3f0-4a41-9eed-89b4deb553fc, this is comment for performance test on perftest environment  we can see the comments later  for small files for second perf test951
04b372a0-3794-4528-9316-3cd6732f7847,165,152.1184913,175.6857456,141964ba-bbd6-4ebd-8f84-289fb4254da5,2ecd9ef3-0d6b-4278-bb78-94717bed9b24, this is comment for performance test on perftest environment  we can see the comments later  for small files for second perf test952
10fac347-fe29-4d70-b7c9-be4252df472f,165,154.1462259,177.1939917,257b9e0b-bf77-4c37-b257-a0aa9821b096,c724c8d0-10e8-4959-adc5-2d629dc742a3, this is comment for performance test on perftest environment  we can see the comments later  for small files for second perf test953
625129ef-5612-450c-bc5f-9aa2f5a383ec,93,96.74047806,214.5632806,7528a849-c659-4761-9950-24818df47076,ad05b71e-4bdd-4afb-a426-d90242bb909e, this is comment for performance test on perftest environment  we can see the comments later  for small files for second perf test954
16b361df-a152-4b95-97d8-d73d968a42fe,86,481.8753089,231.8927905,a22b859a-f727-4dfe-adf8-6d09d00a7143,d47ca30b-8a69-451d-a474-628ebfe6e792, this is comment for performance test on perftest environment  we can see the comments later  for small files for second perf test955
41ceb966-aec5-48a4-90fd-c3e2aabf1cb8,24,340.8802508,81.38930698,65088f81-8f74-4f34-90c7-ab5b19540063,617ed021-2010-49c7-957d-792525bd6e5c, this is comment for performance test on perftest environment  we can see the comments later  for small files for second perf test956
44317eec-5ffd-40d1-a421-379e5dba782a,197,388.6942793,71.15121551,f954a2e3-2589-4fea-9778-694d9dda77d0,533eb618-e4d1-4164-9539-51548c988f51, this is comment for performance test on perftest environment  we can see the comments later  for small files for second perf test957
11b59f1c-276d-4a0a-bbcb-4c1428678487,134,366.1644848,68.58884313,3db04108-ead0-43b2-86c5-b97066693f44,e11bb2b2-3a17-4fc1-b0a1-c0c14457b0b6, this is comment for performance test on perftest environment  we can see the comments later  for small files for second perf test958
ce61fa19-4bce-431c-acff-12ab243ef78c,96,113.6752921,295.4617238,284231ff-b9f7-462f-8c96-54dda6b6e885,b200f418-619d-4515-8dda-103218c1f67b, this is comment for performance test on perftest environment  we can see the comments later  for small files for second perf test959
b35958a6-0c97-4529-9463-8198c99ddb3c,121,172.9192211,164.3928061,ec886c0f-04f5-4c98-b47b-0cde9ac821ea,ca1aa81a-15e0-44ce-b70d-c322c8d04c7e, this is comment for performance test on perftest environment  we can see the comments later  for small files for second perf test960
3fdd3ab5-37a8-4ca6-8179-f2c8383bbf0d,15,292.7838076,293.4235536,916ad517-6d87-4dd4-93d5-44edb37465b6,43e84d80-f347-4b71-9ec8-b81460795bce, this is comment for performance test on perftest environment  we can see the comments later  for small files for second perf test961
62f369da-aa0c-4961-9957-61950ed3e9e4,142,465.5778048,59.98177267,829c1ee4-0fb6-4d11-b312-d53b37262cef,c56db2eb-4be4-4caa-b279-1c7d913704e6, this is comment for performance test on perftest environment  we can see the comments later  for small files for second perf test962
648a3068-32d6-4735-8223-761d86175de7,81,268.5498839,28.58104731,8a0556a0-cf02-43bb-8f76-f65b84a6a7bd,606daf84-2089-4854-8559-8cc48320d5d5, this is comment for performance test on perftest environment  we can see the comments later  for small files for second perf test963
ef9c6442-b501-431b-bb00-ac3343cf1a49,194,222.5222915,168.4692932,0d18b4b2-21ee-43b2-8835-e82b0f85caae,0a9c96c7-ef86-4406-93ee-724b17e7b7fa, this is comment for performance test on perftest environment  we can see the comments later  for small files for second perf test964
f8a9ce34-ace3-44e6-9898-1b8e69589757,105,6.756917118,25.21817713,0a0fea3a-d0e6-4cc4-8e01-27a5db363612,61fd42a8-220c-4199-a206-d0e486da1a94, this is comment for performance test on perftest environment  we can see the comments later  for small files for second perf test965
b6c3f219-9d2b-4ab1-a210-174d18698227,119,461.7032934,47.11214675,1ffad124-49f1-4da5-a3de-0cfd29238fe2,0c1c486d-f518-43fd-be8e-def1994f08b0, this is comment for performance test on perftest environment  we can see the comments later  for small files for second perf test966
a2a32e3c-295f-4176-b764-5a15c3b2ffe8,91,309.6259173,278.8758799,cab7c550-ee5c-43bb-9d54-08e58a5ec183,ab29f0ef-546b-4622-9ae2-7cc294ff973b, this is comment for performance test on perftest environment  we can see the comments later  for small files for second perf test967
4361e6cf-e3fb-4108-8e21-8ac3652f8350,169,293.4153738,84.03047842,a8968aff-7a07-4da0-9e4c-25a594d22871,3c32ece9-2841-4412-aabf-b40547f1d577, this is comment for performance test on perftest environment  we can see the comments later  for small files for second perf test968
a4188b89-88a2-4da1-8c0d-1f976b255bdb,101,261.7867437,171.0590528,437eaa29-0ff6-42a7-b91a-54cf7fb7eff3,6419152f-d5e6-4858-958b-2b1faceba757, this is comment for performance test on perftest environment  we can see the comments later  for small files for second perf test969
ee227486-4974-40f9-9945-0d1dba6742c3,142,174.6957464,34.04032937,55c9fff9-8c3e-4cc6-b455-ed5c7f0f33cd,2d4edffe-c4ab-4b35-b52c-4c5e139f7540, this is comment for performance test on perftest environment  we can see the comments later  for small files for second perf test970
a68130e5-df0d-44d4-822d-4fb46d9b68e5,177,228.2177691,209.8310472,1fd6a774-532b-457d-9c38-019a1ac30e3d,d757c370-7b8a-45e3-b9e1-d5a83501274e, this is comment for performance test on perftest environment  we can see the comments later  for small files for second perf test971
fcdac577-62db-43c7-83a0-1130de62a512,92,87.8612104,254.3004014,db3a71b8-0e2e-44d5-b8af-9a662f208619,ccc46ebf-c5f4-4913-8bbc-7c19974ffb9b, this is comment for performance test on perftest environment  we can see the comments later  for small files for second perf test972
2cdaceb1-6526-4e78-a70a-b3790b099ec2,134,149.0429372,123.2683648,31155318-c5b8-4aca-b4e8-e247ed2afb32,e8b0226b-39dc-4bc6-a7fc-3d644b4defc4, this is comment for performance test on perftest environment  we can see the comments later  for small files for second perf test973
5a834194-66db-4437-8e82-ea0aa3f90d78,144,311.5306053,177.7713846,9c3b2108-dc1d-4792-b640-a58899e73bff,da9d9b27-9aeb-457d-9954-6f615ed60a30, this is comment for performance test on perftest environment  we can see the comments later  for small files for second perf test974
a2b6cd58-1723-4f65-a79a-c9978caa65f5,198,274.7733726,152.1401788,531125d9-c134-4993-8305-cd2a3fdc1351,8480177b-74aa-4a75-8863-4dd8c0fc2fa6, this is comment for performance test on perftest environment  we can see the comments later  for small files for second perf test975
3b34ccb0-3446-436a-80be-a40f9f185ad1,41,24.87046209,213.4609827,0767153d-8988-48be-bd1a-18e1a56233ad,5afaa2c4-95fd-41be-a710-b5fe2c1dd9a7, this is comment for performance test on perftest environment  we can see the comments later  for small files for second perf test976
3f530c1a-743e-4979-a215-500394d39c1f,114,435.8853445,124.3233961,56a7c362-7b56-4abd-a400-de9983470c7c,60154928-694c-442f-b201-07c23d2b3cb1, this is comment for performance test on perftest environment  we can see the comments later  for small files for second perf test977
5adb44b1-a5e3-4584-a124-9db11db9826e,43,134.4539721,158.6232231,311dc0c7-78d2-4a3e-8603-4108ea2fe68d,007efe58-5965-4f52-a179-43a9c75d0a90, this is comment for performance test on perftest environment  we can see the comments later  for small files for second perf test978
bfe3e8bc-11cd-404b-a079-6f4cfec1ee7b,81,294.5859262,75.56363879,39090be1-4bc6-429b-b62a-cbd71144d76a,bfa0904a-0d6c-4584-9fdf-14842be1f996, this is comment for performance test on perftest environment  we can see the comments later  for small files for second perf test979
169c730f-bed0-4c4a-b0e8-60a6662d8e80,136,473.6848077,45.10284017,c0ec1b59-b4df-4134-ac1f-e3e4f9558232,039ef337-4049-40f4-a8c1-5b3ce6bbfe7b, this is comment for performance test on perftest environment  we can see the comments later  for small files for second perf test980
90ac2ee2-d741-4e13-bc42-9994c84f7ac8,163,34.72224893,240.0070413,c9352be7-0e31-4244-881a-2da38dd9d7a3,acb09492-919c-4b39-9749-a720fa1a4f55, this is comment for performance test on perftest environment  we can see the comments later  for small files for second perf test981
d8c04b0c-0076-4eac-872e-47c5d7664d49,193,143.7878386,204.5317552,5abeae07-befe-4a6b-a523-2519a1bf0b6d,805029e5-9e89-4e5f-b281-904c93279934, this is comment for performance test on perftest environment  we can see the comments later  for small files for second perf test982
6c7eb688-ae76-458f-88f5-e252f881e5a0,188,381.9647255,276.7817535,34dfb45a-033b-4183-bd0f-9b856094d62e,997d7dd2-ae1c-4b17-94f4-dc0af63473ae, this is comment for performance test on perftest environment  we can see the comments later  for small files for second perf test983
9f44dff7-1f5c-42f0-8cc5-b94f05b79847,36,325.4298882,73.82604422,2a70e61a-7653-4cd0-85e6-6e3fdf1545bf,757b42c8-7df2-4554-8162-d125916e91e9, this is comment for performance test on perftest environment  we can see the comments later  for small files for second perf test984
5af3ab0c-c27f-4931-93d2-e1733085d588,197,133.0019944,184.6879428,af7b1f6d-f2f7-426d-80aa-56160097db92,623401b8-eeeb-4dae-9555-721542032d0b, this is comment for performance test on perftest environment  we can see the comments later  for small files for second perf test985
ac49ab57-6ab1-4748-83ba-90cba7b019b3,163,434.5601347,161.1907486,444b9df3-ae46-4f48-aae1-d5bf9c61aa3b,e956c828-5551-4c03-830a-3bb5c27a26e6, this is comment for performance test on perftest environment  we can see the comments later  for small files for second perf test986
4042eed2-6efd-499c-ae96-e3f85653e53d,174,205.3277661,271.2103094,6c20745f-24c2-4bd0-9f3c-679c1ac62043,f3b191ea-7042-4e72-9054-fb73e622ad3f, this is comment for performance test on perftest environment  we can see the comments later  for small files for second perf test987
c713863b-904f-4310-895b-19d88996ffba,84,154.448275,255.4724754,535c6778-856d-44b3-b730-a96bfcdbc854,cb7de17a-ce03-4267-bca4-88a2c8c62739, this is comment for performance test on perftest environment  we can see the comments later  for small files for second perf test988
9f592b2b-311c-45eb-a879-79707de333e2,89,192.5134556,171.6093238,ae3cf219-ee8f-41d7-bde0-906a26fa4bf9,6fb52c51-7250-481f-941e-f13017004c39, this is comment for performance test on perftest environment  we can see the comments later  for small files for second perf test989
a7c059a3-993a-4d01-bba9-f0e321c54d23,46,488.4798444,179.1230392,8f2dc188-3985-405a-b7e2-dc149697c1fa,26146f29-6048-4d85-a4d8-9bbb9d3ed66e, this is comment for performance test on perftest environment  we can see the comments later  for small files for second perf test990
4c60135e-b148-4cf0-9f56-87f06a1f9258,196,141.3234142,122.3506259,b430557f-cf30-44ef-adeb-98c4599e3011,b195aac3-59c7-4ec4-9a29-b95118d98bdf, this is comment for performance test on perftest environment  we can see the comments later  for small files for second perf test991
4e031fd5-f5ff-4356-a86a-1a2790902895,124,221.3115371,212.2330432,da8b6d9c-db95-4100-abfb-c72aea9c6166,406dc427-674c-448a-9a1b-32ff9b70e3b4, this is comment for performance test on perftest environment  we can see the comments later  for small files for second perf test992
e8069b78-44d8-4286-9be0-cb19faee0ccf,158,22.75325002,195.733462,c756fabe-ec06-49c7-bb10-7f39b3c109f6,f3324354-fdd7-45c6-be6d-11ded70ea03f, this is comment for performance test on perftest environment  we can see the comments later  for small files for second perf test993
2e9cd675-3525-4fed-a8dd-f40feed032e7,115,186.7036056,146.1042657,64df5c01-4bf9-4e12-806e-356e3b8356b5,89d1c95e-59ef-44d5-959f-8290d1f1a5be, this is comment for performance test on perftest environment  we can see the comments later  for small files for second perf test994
e4b86efd-7800-4ff9-bb85-2b02dcd32890,33,188.6080777,140.9771377,efe60416-b0c5-4ec0-b517-3c873019131b,4609fc8b-77e7-440c-8736-cc790a0ccab8, this is comment for performance test on perftest environment  we can see the comments later  for small files for second perf test995
0357f75c-b5cf-4da6-8590-a5093336073b,73,241.8736598,167.7597491,7be637ce-deb0-42d4-afa3-eefeb3c0f80a,980b9f6d-c40e-45d4-8fa3-7bde9bf6927b, this is comment for performance test on perftest environment  we can see the comments later  for small files for second perf test996
a9fc20b0-e593-42f1-96a1-257d7963ab06,56,426.5742325,294.4818782,4a2dccb3-7d8e-4024-bf4f-0640e3cf828d,8249580c-116d-44cb-9569-f0c5932ae2cd, this is comment for performance test on perftest environment  we can see the comments later  for small files for second perf test997
aafcdb23-b943-4923-a57d-dabc939e5a47,84,274.6404808,128.8092805,2025562b-3a0d-49ea-89d6-bbd3371f76a4,23a73e9b-42bd-4144-b087-1c8b67064833, this is comment for performance test on perftest environment  we can see the comments later  for small files for second perf test998
5e52e491-8abc-4839-bebc-b1dbf39738aa,58,11.30108984,38.32074206,c0a75431-a84c-4dbd-abaa-c76ab56f4153,a3449564-7b08-47ad-b8d3-ee6adf5545c0, this is comment for performance test on perftest environment  we can see the comments later  for small files for second perf test999
5540b77e-1d35-4d55-a44a-4867f1047522,24,190.9661965,274.4243489,4e4cfea2-7e0f-4009-bfbb-2f1559c1cccf,b610d86b-af34-4d0d-8c2d-1534afcd3a34, this is comment for performance test on perftest environment  we can see the comments later  for small files for second perf test1000
c97f9a8c-7712-4089-9fe3-6cabb8aac72f,52,6.662146606,272.6289942,e6a1706b-677b-4ef6-88ff-5e94be27aed2,f53479b5-d31c-4183-89d6-3777c5f7e56b, this is comment for performance test on perftest environment  we can see the comments later  for small files for second perf test1001
f6036e2b-d5a6-44f5-b01e-ec4aa3ae67a2,154,377.7177981,101.1257272,6fbb766f-54b3-45f8-ab2c-bbd5286ec2c2,17963708-089e-49fd-9f7d-c1f3866b229e, this is comment for performance test on perftest environment  we can see the comments later  for small files for second perf test1002
c5f1bfd0-c212-4dcc-a593-39f68f804446,49,388.4078717,122.3867848,c84e5a31-5821-4d88-b041-67868ce33216,cac2da36-5023-4239-84cc-4fa6e496f17c, this is comment for performance test on perftest environment  we can see the comments later  for small files for second perf test1003
9a736f83-559c-4bc5-85b3-e2ae98b90186,114,425.4488315,290.0020404,b7de1039-2c91-4ec3-b2d6-71b67f3cf5be,082e6d84-0ad8-4a8e-aecb-218ea14c50c6, this is comment for performance test on perftest environment  we can see the comments later  for small files for second perf test1004
acc71feb-c6bc-49c4-ad1f-00daa27807c0,113,108.5941551,21.6503607,7ebc0a61-308e-4211-9695-6735d92b79e8,9027400d-5309-45c3-9b2b-c56d98a550a8, this is comment for performance test on perftest environment  we can see the comments later  for small files for second perf test1005
42b2f76c-b571-461a-8a32-da4770b104ef,195,456.5815006,28.27842657,5fcc4fa7-03f1-4657-b652-202187fdab61,c3b66bec-ae2a-400a-97c2-1ad12d155e33, this is comment for performance test on perftest environment  we can see the comments later  for small files for second perf test1006
62d5cfcd-1edf-4951-88c4-d6204d2d1c52,169,318.6466563,184.6518771,da2ceade-3346-4f25-9bd4-dc0588fa1d35,5e936af0-ef25-43f7-a333-1bc0604e2db1, this is comment for performance test on perftest environment  we can see the comments later  for small files for second perf test1007
1b7d5250-6f9f-42c3-b542-8cb347ca8012,172,99.31753993,54.32037369,0271577c-3f85-4c88-b4f2-736b84fb6cba,d419fa9a-278d-41d9-ad0c-fee311b3b4c2, this is comment for performance test on perftest environment  we can see the comments later  for small files for second perf test1008
908a7604-6c61-4903-9bca-179ee5f8e31b,66,60.31509456,110.9942107,6e687582-0042-4469-aa3c-1522bf9d85ed,100a08e7-a97c-4423-a836-5210d9a20805, this is comment for performance test on perftest environment  we can see the comments later  for small files for second perf test1009
2ac1ef94-bad4-4ccd-9caf-4a19514bc9b2,55,301.6303408,145.7325016,9a2ad687-7b8f-4cd1-841e-2500fa2260cc,16d1ad94-8d71-4450-860f-938eeec04199, this is comment for performance test on perftest environment  we can see the comments later  for small files for second perf test1010
92dabec9-dd6f-4666-9b76-c129ad59f19e,192,50.13378119,35.6142768,12419989-ab02-49cc-bc5c-13aa68911186,53d62fd0-4749-409d-a3d4-3b7a8115b880, this is comment for performance test on perftest environment  we can see the comments later  for small files for second perf test1011
6b9631a5-49aa-49e0-8ba9-a22f7165b087,18,203.4355279,37.80015948,b0e6b47c-7e6e-4953-9efb-c60e5fee1861,32ecade1-888e-4e79-9492-c2edc01cdda7, this is comment for performance test on perftest environment  we can see the comments later  for small files for second perf test1012
9ed7c1a2-453b-4841-990d-4ac9ea228a2c,82,348.8242596,79.03817642,c424dc63-4774-4493-8dbd-de4486c18432,c4763d41-7378-46c8-81fe-2aca9f1ddfad, this is comment for performance test on perftest environment  we can see the comments later  for small files for second perf test1013
9542f84c-5a72-4a5f-81af-fd8ad437a385,170,300.0839517,219.7923788,88e7ed29-db7f-4702-b159-2847b0cfc05d,cf5651bb-9433-49be-9dd3-201302049e4f, this is comment for performance test on perftest environment  we can see the comments later  for small files for second perf test1014
e8f0582b-4bfa-4a19-bebc-3b3b9196842c,149,371.2770491,112.028102,fc1207a7-b021-485d-8e3b-b622d10f74e8,79cfd80d-8433-41b8-86b0-266b677abf55, this is comment for performance test on perftest environment  we can see the comments later  for small files for second perf test1015
9b478bad-c3b3-441e-8c5c-072a9bd7b7c8,140,94.19060877,83.32712032,61aefc36-e47f-4e14-88df-16404d47a652,aaa7ac4c-dcf1-43a9-a314-9f7b348a846a, this is comment for performance test on perftest environment  we can see the comments later  for small files for second perf test1016
5bbb6a56-79f5-4ec2-aaa7-9e679db5f2ec,119,152.6976965,204.9110367,6bb244b0-3f30-45f6-9401-80dea8eaa200,19fe215b-7392-45d2-8a49-5cacbab8ae2a, this is comment for performance test on perftest environment  we can see the comments later  for small files for second perf test1017
9b68d786-9bf7-4354-a2ee-bfe54356caa9,113,263.9606641,202.8879028,ef06fab6-aa37-4a6b-aa69-43c588fa66db,dd036a23-e5c2-400b-8b0a-f5fa7f2768e5, this is comment for performance test on perftest environment  we can see the comments later  for small files for second perf test1018
abe4ad69-9238-46f7-a796-0f4ccc77d1e2,62,112.9961557,96.13199936,d1587e19-e581-4955-9d44-893d1e8a6c6a,3b496c50-5fc3-48e4-9ac0-c51dd9e13008, this is comment for performance test on perftest environment  we can see the comments later  for small files for second perf test1019
1cfac99d-7101-4b73-a340-05b3cfe3094e,125,78.99584478,240.5295042,81efef4e-6bf9-4f7b-827c-70cf411c3df9,10455ada-ca70-4d54-97d4-6c963bef87f8, this is comment for performance test on perftest environment  we can see the comments later  for small files for second perf test1020
ab31f032-3f0a-4927-afcd-36a65facbf28,61,223.7777371,298.9022466,f54dce38-0822-4590-b351-46e8933990e4,bf1c6d14-1200-4683-b09a-88516dbaeb4d, this is comment for performance test on perftest environment  we can see the comments later  for small files for second perf test1021
e77c279c-cf0a-449f-b944-dd20c6654f38,171,84.39168754,100.7382293,96de6203-ac7d-4303-b777-d0ef7a3cd29b,8abf2e73-f95d-4796-95f7-ccca8e3c9a4c, this is comment for performance test on perftest environment  we can see the comments later  for small files for second perf test1022
71f21dbc-0f59-4b23-bc3f-117d1b155ab4,57,473.0337973,157.7883512,38dc1938-df29-42ce-aa69-db3dc17326b6,aed3837c-c2dd-438a-9109-8a581535aa6e, this is comment for performance test on perftest environment  we can see the comments later  for small files for second perf test1023
bbf5a28b-2e07-4ddc-a719-e340aca91bf0,146,2.038576847,197.2986834,f7d917c3-053b-48c2-900f-ea510da38791,83bbca6e-b5b0-47e6-935d-a7df5f729963, this is comment for performance test on perftest environment  we can see the comments later  for small files for second perf test1024
cbd24806-d279-4f1b-9609-ea87413a4e4b,37,482.943945,8.849975105,fe603045-f9ac-4e02-9904-97cb84ea1be7,f96c75ed-8650-4ba0-a351-d79f67157864, this is comment for performance test on perftest environment  we can see the comments later  for small files for second perf test1025
bc5881c1-525b-41c7-b208-5110a37913b4,99,376.6241831,250.9082065,e851bc64-d97a-4a5b-8490-f51af7e2ccab,e8d000d6-ca01-4560-8853-ac18b0261dae, this is comment for performance test on perftest environment  we can see the comments later  for small files for second perf test1026
d29ea186-67fd-4035-8922-587031d7d70c,173,480.6403949,154.1797572,8a0ee8bb-45f8-4cbd-8d4d-e8a416dc0f32,917c94a4-8fdd-4da8-a6b3-86eb59b56e21, this is comment for performance test on perftest environment  we can see the comments later  for small files for second perf test1027
2ddcec96-3eb1-4a2c-8e09-ac9ac2155529,99,321.0464453,247.276612,316345e9-934a-4a16-a70f-4472cf92e3ff,3f3ac0ca-c8e8-45c2-9453-1ce413b9a8de, this is comment for performance test on perftest environment  we can see the comments later  for small files for second perf test1028
c695b405-9443-4f3d-979e-e5faec07b845,35,363.3361982,2.691396559,087a883f-d65e-4116-be09-d5d42dae5d8a,70f438fc-31a5-450a-9c22-ba28bc581104, this is comment for performance test on perftest environment  we can see the comments later  for small files for second perf test1029
9439e4f4-a6ef-4a4f-8d9b-44d4ad239815,142,100.8661837,172.7212143,5862f229-55e5-4e4f-a5b0-dc27ed5b5526,bfe8dfef-2c3b-495d-8cdb-a09d1b34cbfa, this is comment for performance test on perftest environment  we can see the comments later  for small files for second perf test1030
749e46b2-cc47-45e7-a6cf-8e25103f0c13,153,174.3101892,198.5647381,a7dc2b14-359e-46ef-a6ac-f79a1e2992b2,276ae5d0-94b5-4cd4-8af6-bcf6a2df05a0, this is comment for performance test on perftest environment  we can see the comments later  for small files for second perf test1031
a058c4ae-26a7-46e0-b737-c8a41e5cc4ce,103,385.076841,294.0454327,3247ffbe-14bc-4e64-b303-47cc2e20df92,301c09b6-492b-4677-99f2-6243065d6a7f, this is comment for performance test on perftest environment  we can see the comments later  for small files for second perf test1032
23b8c7a4-3ff3-4a5f-9378-d800e8b19dbe,191,399.7331214,153.2769138,d6345c73-5125-49ec-9503-d8fa89623832,7c8f9461-d680-46b2-83c7-2d4e7b2ef162, this is comment for performance test on perftest environment  we can see the comments later  for small files for second perf test1033
b7abcc69-415a-4ff2-b666-0c00ecb16ec5,54,386.8026521,287.0667317,5a0aeeff-2c59-4b24-a24a-277a7dc78fa8,e9838d93-9eed-40b5-90c4-764072dcce4a, this is comment for performance test on perftest environment  we can see the comments later  for small files for second perf test1034
5c806f1b-2d3a-4553-9ef3-e2089c8b72c7,85,366.5158122,239.5753077,7761d964-6c96-42fe-9484-a12b5c2a843e,5a64f4bb-d3a0-48b6-a9a9-1b8c7c22593b, this is comment for performance test on perftest environment  we can see the comments later  for small files for second perf test1035
8c03f4a5-4113-4404-837d-55f03ceaed7d,70,14.45002009,182.8916311,92313f30-765c-47ee-bccb-00cbd7fb698d,1a673931-592d-4cef-81c3-e8a7ed3e4179, this is comment for performance test on perftest environment  we can see the comments later  for small files for second perf test1036
23869c3f-7364-4110-8a71-43588b8b72a7,133,324.9957639,20.59295415,1002879e-47e7-4c5a-bff5-dee3bf4f5712,613e4494-b8bf-41a1-bcd5-ed404cacb94f, this is comment for performance test on perftest environment  we can see the comments later  for small files for second perf test1037
a1d33198-58a0-41db-8f11-e6e90a8048fb,72,454.1621572,21.3400269,ccdb4930-8bb3-45a6-a40d-1f1d7ad8054b,8b775400-0b82-4647-a95d-0c646bcd7a0b, this is comment for performance test on perftest environment  we can see the comments later  for small files for second perf test1038
a985116a-90d2-4456-aced-474f36898d18,23,217.532962,75.64432052,ae74ebb5-7eb4-407b-83e7-f78317e21ad5,7c27c816-b256-44ee-94c5-1eb82e1b3409, this is comment for performance test on perftest environment  we can see the comments later  for small files for second perf test1039
317dcf6a-22a4-4cd0-9f25-c92fbe701df9,145,46.9340478,69.27847463,bda08a96-83cf-4da9-97af-8e903eb3529b,7abe71a0-db0e-4744-a401-a316a5c9b70e, this is comment for performance test on perftest environment  we can see the comments later  for small files for second perf test1040
75dce445-c0ef-4236-beda-9e0565b09293,154,493.5686869,298.7059539,d0e9cc31-823a-4de2-b0d8-417f6920cded,abb1d0ea-5af9-44ce-83d0-1941bdeaf544, this is comment for performance test on perftest environment  we can see the comments later  for small files for second perf test1041
96592b09-8b7e-4033-9545-177c176f458d,56,108.1398691,109.5755869,c68d97a3-7832-4b78-8015-31502619f497,392ec8df-c6cf-4c99-9a80-05b3f3760ff2, this is comment for performance test on perftest environment  we can see the comments later  for small files for second perf test1042
cee72ee1-c9ea-4ec3-801b-c2d8e93a118d,66,235.4664153,165.3811848,63df2eb6-dfe2-4f33-a438-3f609ee5199e,456ebed1-c348-4e44-9698-53c2dda89c4e, this is comment for performance test on perftest environment  we can see the comments later  for small files for second perf test1043
4af44a1a-5431-487f-bc94-4ad52e4df6f4,88,249.153151,79.54744089,f20ef6d8-8f06-46b7-afcd-48aa693ce0f1,8139fe79-32b8-48df-93c9-434f6e8fc220, this is comment for performance test on perftest environment  we can see the comments later  for small files for second perf test1044
24ca464a-4bfa-4c66-9e4f-f8e1b13fbef7,94,307.9874446,70.0331925,d4d3a715-e35d-4242-bce8-42ddeba17812,c3bcb99a-7120-4544-ad5f-9a9f9491b9fc, this is comment for performance test on perftest environment  we can see the comments later  for small files for second perf test1045
fb7f5658-9564-465f-a4a4-3616732ecf3a,63,296.7832333,170.7851887,7bae7496-3008-446e-8242-28e96a1c186b,145d3b17-4786-4c4d-8c96-1acf79325863, this is comment for performance test on perftest environment  we can see the comments later  for small files for second perf test1046
a9343ca7-cb8a-4840-9042-c7bf8369117d,189,261.4832143,84.06981606,d39f9ae4-c85d-45be-8ade-66f262eb60fc,9ebff5b8-1839-4ea0-8ed7-71fc6e4dc11d, this is comment for performance test on perftest environment  we can see the comments later  for small files for second perf test1047
06f71050-4ea0-4a6e-a0aa-5c6b1d8e389c,198,398.9293029,293.881028,b9d219e5-f603-4c8f-b057-f1271b092503,87ed1645-032c-427e-b0fb-913ef82f3fed, this is comment for performance test on perftest environment  we can see the comments later  for small files for second perf test1048
9ec95527-8b41-46f8-b607-f65ef7e2bfb9,194,477.1737367,187.9638914,457ae76d-ce28-4e4f-b843-d4d512214a50,70a17eee-722e-4958-9fc6-be5988ac64db, this is comment for performance test on perftest environment  we can see the comments later  for small files for second perf test1049
e2331188-05e2-4849-9f56-6f0d62b3ab49,146,147.6222204,299.5857261,c29b3619-6142-42e0-841d-87ed77e90465,1a13f43f-fe70-4f48-893a-6e36664f7ee3, this is comment for performance test on perftest environment  we can see the comments later  for small files for second perf test1050
369c6929-0d66-4371-8b8c-f075040fc89a,169,488.0280076,218.9432768,2e7398e5-ac4e-4b19-9d0e-330dd189fa66,df79e83d-ea43-475c-bc4d-88ddfa8e374a, this is comment for performance test on perftest environment  we can see the comments later  for small files for second perf test1051
06b4c31b-200c-4391-9bbe-49566cd871a0,63,422.8801956,284.1959158,2d796d60-26f4-4d32-b18f-ec71ab4432f8,0734ea1a-299c-4a09-b8fa-c404b482dcca, this is comment for performance test on perftest environment  we can see the comments later  for small files for second perf test1052
d993d26d-9fe6-4106-b0e4-aaef33950a29,186,385.0062086,290.3972974,644a213c-2d88-4de9-856a-cfe7380b8c8a,f63e6aaa-7bce-4fb6-90cf-9ae38819a308, this is comment for performance test on perftest environment  we can see the comments later  for small files for second perf test1053
9f7bd712-f2bf-4764-b127-4c29342915f9,18,252.8772634,232.4009773,fa6fc627-7c34-4b64-b0b4-0593c75d6db8,fe22d971-18bb-4293-bf44-d6ae79805109, this is comment for performance test on perftest environment  we can see the comments later  for small files for second perf test1054
7bfbbe40-c1fb-4c0c-aba8-9823c68f8fc4,117,93.4408003,291.4949962,354d53fa-99d2-4078-a7df-54a7b0fd2038,3a475dc2-efee-494f-9891-ce0c9c5dcc82, this is comment for performance test on perftest environment  we can see the comments later  for small files for second perf test1055
b5516850-1bf9-422e-bb8c-b1d9745e5fad,13,224.0849846,170.3973271,c0262336-5757-4f5d-8472-529f7a9e5c23,6b35b0e2-8a67-46d7-a233-07344689e735, this is comment for performance test on perftest environment  we can see the comments later  for small files for second perf test1056
bd19ec55-2572-408f-be4e-b16392d6c2c3,29,94.23725896,131.4320361,62e2109a-168c-4b8f-8b32-90bd5dbc66fc,d2d4224e-5442-48f3-b3a9-afd6520bc34d, this is comment for performance test on perftest environment  we can see the comments later  for small files for second perf test1057
938249cf-1f11-48dd-bd71-3275b96ed1d2,36,246.5034415,159.84597,049ab201-3be2-4883-b404-8211a2fc1140,c6f77e59-ca35-4a42-b3d1-6e9975049b9a, this is comment for performance test on perftest environment  we can see the comments later  for small files for second perf test1058
5e73e47b-2500-4838-a522-1961bb74fa9f,125,158.9159203,243.8168969,1fec1419-9aed-4838-a25a-7315038a6ad5,2203a726-dc02-49dd-968e-bc447e3fdd20, this is comment for performance test on perftest environment  we can see the comments later  for small files for second perf test1059
29a8e4d2-6b95-473a-9605-abb03a068e52,58,256.9924315,117.3120928,a3989b38-7117-4ae6-b628-d14e631fda98,52584094-bf3d-44d2-8eff-def574df7334, this is comment for performance test on perftest environment  we can see the comments later  for small files for second perf test1060
4a31ccd8-daef-47ae-ba36-a247b6d62c7d,35,54.28298361,206.234411,15d80b3f-2393-4002-8a78-2922fd3c5252,b07d10ce-6598-481a-8d0e-507af8c1eedd, this is comment for performance test on perftest environment  we can see the comments later  for small files for second perf test1061
16ef0708-15d0-4ea9-aae8-1c17015bacde,197,412.130328,241.3516151,585ee022-294c-42e0-b9fd-3b4b4e7ce644,d03c93ab-37f8-4544-a676-0ffb96b15833, this is comment for performance test on perftest environment  we can see the comments later  for small files for second perf test1062
db27777d-9735-4c02-829c-cfad19c7b674,29,163.1365354,227.8103186,3d41a33b-8c9b-4949-b433-037f9c013a78,83036781-5030-4fbb-b614-e84740460934, this is comment for performance test on perftest environment  we can see the comments later  for small files for second perf test1063
68f5833f-aa48-4ed1-85e3-8c75519fb27d,134,0.984545537,81.62962577,95fc4cd7-10f9-45da-a3b3-282a3c5da0f3,7114b35b-61ad-43c3-aa05-3afc4c938130, this is comment for performance test on perftest environment  we can see the comments later  for small files for second perf test1064
dccdaffb-f799-424c-baa2-cff0caca40d7,177,421.7455365,235.030907,dde83019-0117-4880-a516-1d495b7c0123,7d2eaa46-3a25-440d-9c03-54430f0bf888, this is comment for performance test on perftest environment  we can see the comments later  for small files for second perf test1065
c6c5b8b4-dd4b-4c57-88ac-cb29a787c5eb,102,178.6328787,141.6615457,69789a93-e105-4403-85a4-0cad002537a4,fde735d7-4b9d-4e5d-b3e4-de818930dd59, this is comment for performance test on perftest environment  we can see the comments later  for small files for second perf test1066
06316b1d-f1b2-4977-8bc0-dd582eb2507c,33,26.18781286,191.0959284,b45b2d1b-ca23-463d-8cad-dc9b66f8526c,4fcab67d-d8b9-41a3-8796-ba209703f220, this is comment for performance test on perftest environment  we can see the comments later  for small files for second perf test1067
1121e0b0-2e2f-4ecb-88b0-7293a61c9d2d,13,250.121797,233.3167653,6a9a7b89-5ae8-4e84-a678-9fb24bb6dab5,eede8205-2273-4868-a4ac-68e8ee7f4120, this is comment for performance test on perftest environment  we can see the comments later  for small files for second perf test1068
9cc6e544-48ea-48a5-acb2-73e5ca5b677d,117,39.73415821,166.2134115,6ef3b248-1ec3-46fd-b401-b3114b3b0151,ee9a2702-3569-4ea0-ba51-206946f2bb89, this is comment for performance test on perftest environment  we can see the comments later  for small files for second perf test1069
19222f92-56c4-4841-a55e-71a3f49a5f3f,166,399.6191502,150.5323941,a669541a-26a1-4d71-a5dd-a21e49618e66,277d3f4c-e053-40cb-9652-bad594c2b260, this is comment for performance test on perftest environment  we can see the comments later  for small files for second perf test1070
52ffa801-02e4-4f90-a6f1-64181314c29b,153,397.4967144,261.5544881,32a4b07c-5911-496b-9268-4d8ac6af7c65,d9772a25-ffc6-48bb-8994-4dde054731b1, this is comment for performance test on perftest environment  we can see the comments later  for small files for second perf test1071
7b1bc3b4-274b-41be-9850-5cbdd857c638,121,74.58460002,219.2340895,3ef8c954-e417-4789-ae49-79800f51416a,0fb73a18-74f6-4083-9ec6-1ea34512bfd7, this is comment for performance test on perftest environment  we can see the comments later  for small files for second perf test1072
4aa77811-8a6b-41b3-8c86-0139667ba612,13,56.1332257,155.7134966,59eca07c-fdb7-42a5-898d-79164351df2e,50aa2ca6-483e-406e-89cf-67ea8454543c, this is comment for performance test on perftest environment  we can see the comments later  for small files for second perf test1073
802026ce-b9ba-487e-a0d9-eb501b25b379,170,274.5468179,166.7928516,426bd7f5-6ecf-4b3d-b6dd-a0e7dbeece6b,c711e258-6851-46d9-818a-23d9edcd4216, this is comment for performance test on perftest environment  we can see the comments later  for small files for second perf test1074
40409706-809b-40ac-9ead-7dab26610e4b,140,152.5659592,193.6606463,e2de6404-a5c5-47a4-95be-529dce271a64,9c570c42-cf15-4e68-9947-ccaa703c0cc2, this is comment for performance test on perftest environment  we can see the comments later  for small files for second perf test1075
3b4bc136-6a27-4173-bdf9-85f4e597fdcb,62,419.1887249,108.0682119,4c667159-6501-4cb2-8ae7-7d4cd7665cac,35bab9ca-c5d4-47ea-8009-35394a253c05, this is comment for performance test on perftest environment  we can see the comments later  for small files for second perf test1076
e6ff301d-5106-49e2-b78e-f9662509cb0d,59,391.9227123,180.0950598,add127f5-ce5f-4768-8ed9-ccb868daa1ab,ee34f969-ee3e-48f0-921e-c53f8a854642, this is comment for performance test on perftest environment  we can see the comments later  for small files for second perf test1077
7cbe32e3-1100-4f21-9aab-482086f1625c,82,152.4810471,25.86619324,ddd77dd9-151a-425f-9209-b9ad9ee2c8ff,77686ea9-ccbd-4fce-9114-8232b4036bb5, this is comment for performance test on perftest environment  we can see the comments later  for small files for second perf test1078
ee7b4c47-f2f1-4727-99a3-4813716f0873,94,380.164112,54.12747248,5da42e1f-4887-44af-982f-0d064a2c114a,c0b09a58-aac9-43c8-bceb-40665d1b4880, this is comment for performance test on perftest environment  we can see the comments later  for small files for second perf test1079
60fc6263-99f7-4373-94ae-f5a5ecb2762d,1,86.09082838,55.20598561,16ad26e3-227b-4464-98b1-daa9e87cb7f1,9886fa20-604c-4e00-9223-29cb2746a31b, this is comment for performance test on perftest environment  we can see the comments later  for small files for second perf test1080
1fb528f1-8ee2-4fe2-b561-fe6e3aa3263a,191,298.4882903,44.23271559,0c8faa10-8307-4173-90b8-7c1a0cd38858,130c4ea2-0c43-48e5-88b9-885e06cda041, this is comment for performance test on perftest environment  we can see the comments later  for small files for second perf test1081
d8d22ec9-bb9f-4b8b-94d7-6d2a5ca8d90d,103,264.681946,25.93499789,200c7f9a-1c6d-4d02-a9fd-00f6ff797399,aa3b366c-2b05-41f9-81d6-33c228de97cc, this is comment for performance test on perftest environment  we can see the comments later  for small files for second perf test1082
50871a1f-7880-4f60-b7d4-d63f3245ac10,197,5.403222872,91.85989517,6493a4d8-f8fc-4622-84af-9e9f1fd1598e,c5f0fa6c-9223-44f4-af34-9250384b230a, this is comment for performance test on perftest environment  we can see the comments later  for small files for second perf test1083
3547f615-d5fa-45da-8107-07d2466841b8,25,302.4134027,153.8135946,d339c483-1b63-4432-b1d7-278e8cefdd17,0c0ec2ef-65d7-479d-8e90-9be68221e2ef, this is comment for performance test on perftest environment  we can see the comments later  for small files for second perf test1084
40878b78-855b-40fe-913f-6739493bb123,12,67.56565258,150.9861198,30db8982-3286-4b3b-bfa8-983f505f0d83,40b2a45f-abe4-49f3-b495-ac190cacc6d4, this is comment for performance test on perftest environment  we can see the comments later  for small files for second perf test1085
461baebf-3306-43c1-be3c-3dc424205e3a,136,159.2609174,262.1262128,82afc8e2-8537-48f1-919f-29e3dbc9d46f,50be1566-5fd2-4ec3-8a59-a569ec9f5782, this is comment for performance test on perftest environment  we can see the comments later  for small files for second perf test1086
047455dc-18f6-4212-8160-418457c12a9a,88,104.7801718,57.82069722,218a3fe4-7fa2-4328-9305-32ce7ce71e97,bc53f93f-ba24-46ca-8971-5d099d29247c, this is comment for performance test on perftest environment  we can see the comments later  for small files for second perf test1087
f1f9deb1-26c6-43dd-b387-4b0e090dd6a8,177,199.0068788,94.14495584,b5ac04fc-656b-4d24-bee3-5b0a479f90a4,968dabc5-1cda-486b-9b7a-eb0592bfa9d7, this is comment for performance test on perftest environment  we can see the comments later  for small files for second perf test1088
1f65b517-480f-4eee-a66d-8170eae5aa6c,21,79.04535939,109.9485877,e110517b-adb7-455d-9a21-ba9d21c58f51,aad46d86-014b-42ac-a8f4-ca393bf240c8, this is comment for performance test on perftest environment  we can see the comments later  for small files for second perf test1089
27f24691-bd4c-44a4-85d6-cbebd1bac96a,9,260.0706551,10.41879747,20f4c5a4-d6e9-4e3d-b537-2041630e89c9,a745edd5-f0d1-4e8c-9399-918ab61119ec, this is comment for performance test on perftest environment  we can see the comments later  for small files for second perf test1090
c9d40d66-95ae-4daa-a97b-005e528f3818,191,426.7772831,214.1431803,26344a0a-0f54-47ae-812d-bdcce54d4e09,40592ac6-1347-46dd-8a10-fa3319db6b46, this is comment for performance test on perftest environment  we can see the comments later  for small files for second perf test1091
a842d205-d4ee-43fc-9ec4-7219097a4e73,135,323.9297281,36.99073208,62b1edc3-0e29-4139-b55e-3ecad6aa51a8,47087747-26d9-4699-9c36-9b08a9e95ee5, this is comment for performance test on perftest environment  we can see the comments later  for small files for second perf test1092
c864ba3c-e3bb-453c-8416-333d6126abbe,140,290.3218009,175.1410955,4b4c4243-363a-4572-ad3a-33de1be4335d,82270127-47e6-45ef-a03f-14baf80b54bd, this is comment for performance test on perftest environment  we can see the comments later  for small files for second perf test1093
694000d8-09a1-41f7-a385-e8ffb0e3b1b2,193,42.7946043,13.42540755,b6ec15af-62dd-4242-9744-8f74ef58e0d3,0a4b314e-e8a8-451c-92ad-6578e7f68a36, this is comment for performance test on perftest environment  we can see the comments later  for small files for second perf test1094
13da6e12-5235-4197-8db7-882906d16dca,95,136.0123108,98.68000635,c8378d76-fa89-466c-9554-0ccb067d7c2a,4140840e-e2d4-43a9-893c-2ffe49203e0d, this is comment for performance test on perftest environment  we can see the comments later  for small files for second perf test1095
589b8f4a-b4b8-4b55-8579-6263ac7fcacc,33,283.4658164,219.1909402,07e90154-7f64-4f27-bce0-e0fe05689616,54d2f34d-23e3-47fd-aac1-0febaad5ca1c, this is comment for performance test on perftest environment  we can see the comments later  for small files for second perf test1096
f5f5ccf1-3428-42ea-950d-fd5cc7ace203,162,486.20169,217.4409301,a80b7f17-0609-461c-8d42-69504637577b,e6ed73b9-0d4f-4889-9595-38190f4400de, this is comment for performance test on perftest environment  we can see the comments later  for small files for second perf test1097
b8a457aa-054d-4c69-82bc-53b0ae0d2815,156,313.8773344,8.773856761,c621b6d1-72b8-4897-ad55-61ad94db8711,15636b8d-5d58-454a-9d67-56994f0cab3d, this is comment for performance test on perftest environment  we can see the comments later  for small files for second perf test1098
5ed6db32-fb99-45ba-8ccc-45a1b3ca92ae,31,350.1973872,191.1583868,5063d271-e601-4aa5-9f7a-cdd8bbd2633e,a2e53ef8-40cc-4707-aa7d-b92f9a8dd6b6, this is comment for performance test on perftest environment  we can see the comments later  for small files for second perf test1099
afe4e5ce-6bbe-4004-b0bc-6c80b5a0c015,81,244.611513,149.2708206,c7054c55-fe42-4031-b1ab-60e9a0b0976d,70942e89-f7e7-4781-b984-61c04943cba7, this is comment for performance test on perftest environment  we can see the comments later  for small files for second perf test1100
1417e77a-b7fd-4bad-9665-eefa16cd2b78,173,120.5946259,256.5771766,2865f1ba-2f0b-4ad1-a4c9-f1d1c09ed00f,ec51def6-fcdb-4a15-ac58-f7a3674e96a3, this is comment for performance test on perftest environment  we can see the comments later  for small files for second perf test1101
b18c7842-b80a-4cf0-910d-cfd2eb2bb2c1,162,492.4880109,207.5133022,29b0fce1-bc38-4b3a-a4e5-4654557c6239,0f4ff0c7-ed3f-4898-a4e6-5fba44439068, this is comment for performance test on perftest environment  we can see the comments later  for small files for second perf test1102
fe12a104-6cd2-456f-9f68-71c740db20f6,10,137.3111838,260.2169844,9e17cb04-2728-455f-a7d9-68aa301fae48,7c6b5652-dbd1-46e7-a941-c8ffc0a80328, this is comment for performance test on perftest environment  we can see the comments later  for small files for second perf test1103
6ecc8a2c-f3ad-42e0-a1f1-977418d9522c,7,345.9533501,119.5213734,d9208b9a-90f2-41f6-bef2-7048e205c32b,f60b7b36-a65b-4f1a-bd51-47aa0fcaa4aa, this is comment for performance test on perftest environment  we can see the comments later  for small files for second perf test1104
0888c00f-d3cf-47df-8ff4-749789b3fe9a,128,390.2903373,99.69300973,a1a23fc7-67a7-4f05-afb2-428c3509916b,0017ba2e-f45f-499f-9576-e7eecac104fb, this is comment for performance test on perftest environment  we can see the comments later  for small files for second perf test1105
cbfb5d47-7a51-4fb9-9a14-f5690cf60ac3,124,132.1351401,174.7942564,c2bd1e63-3e59-440d-bd09-06daea5e54ec,df2203e3-3dd2-4824-9aa4-4638e1e6d2f9, this is comment for performance test on perftest environment  we can see the comments later  for small files for second perf test1106
27f1ab2e-34b0-4e33-9f93-85a9370db67a,85,285.4080148,156.8306593,8bc42136-86d3-4834-90fe-dbf28c1ffb16,9be04112-e7f6-420a-a30a-34a751b16c95, this is comment for performance test on perftest environment  we can see the comments later  for small files for second perf test1107
3d9d5064-1329-452c-b634-e465c360429b,129,48.7201931,57.23275349,37a5c5d2-29a9-428f-b3e0-a7bf233552de,eee6a62c-5895-4016-839b-101a90b07bf3, this is comment for performance test on perftest environment  we can see the comments later  for small files for second perf test1108
0e754e1b-3180-4cb1-902f-dc300b434b09,194,287.0842056,58.76808062,7872947a-042a-4890-9987-e1ea48a74d35,d9fdd87b-ec23-436d-815e-085d3d1966f4, this is comment for performance test on perftest environment  we can see the comments later  for small files for second perf test1109
6463127a-7b18-4ee2-abdd-d8a620ac1eae,39,176.8513159,188.0208105,ddb883c2-962d-4576-9bac-d4939db8bf51,43335d48-c5fa-4173-8491-6008c07390b4, this is comment for performance test on perftest environment  we can see the comments later  for small files for second perf test1110
7ef6bbb6-663d-40c4-a570-8ea8002c366f,42,349.3819356,58.98432893,7067ddcf-0572-4e63-8fbc-42fe4164a044,d725caaf-2796-4455-9347-a0eb44a021f8, this is comment for performance test on perftest environment  we can see the comments later  for small files for second perf test1111
129230a2-8247-4d36-aeee-5f86a9a6ab34,60,116.5323666,162.3002748,93f4a73c-43d4-4bd6-b580-756dd157b029,3f3e0dff-431b-48a0-91e8-b76328566a43, this is comment for performance test on perftest environment  we can see the comments later  for small files for second perf test1112
dc458abe-cb63-4820-8c9d-7c09fe263b95,64,277.3446344,247.6119091,a00bc140-9323-47b7-931c-a730b6e6b606,88c152dd-e9a8-4d42-8724-96141d1cd635, this is comment for performance test on perftest environment  we can see the comments later  for small files for second perf test1113
c2b0a740-0722-463d-b0d0-c465621805e3,194,127.0425402,48.74764777,c731fafd-76fe-48c3-9192-8cb26f4e331a,f522dcfe-5893-449b-9724-4e35066ede19, this is comment for performance test on perftest environment  we can see the comments later  for small files for second perf test1114
ccdca85d-6bc2-486f-ade0-fdb1b218563b,54,217.7738755,64.93810943,4e20275e-a683-4c34-8986-8260b57e0495,0684fbb4-04fb-47b8-ab28-0a44b4506a24, this is comment for performance test on perftest environment  we can see the comments later  for small files for second perf test1115
8954a355-ebdd-44ca-9c5a-d4a155a12723,100,240.9833782,131.0596703,73af72c1-f4c4-42bc-87f4-e18dab7136bf,1793fd72-db4c-4e69-934e-5a33fc551d26, this is comment for performance test on perftest environment  we can see the comments later  for small files for second perf test1116
6ca154da-8963-4da0-afd3-e07b2f264c64,95,457.8229611,290.6823611,dbdc1537-7e9b-45d7-bf7b-473b15033e59,8cf42463-7e2b-4553-a259-bf3ce4592801, this is comment for performance test on perftest environment  we can see the comments later  for small files for second perf test1117
524f57a6-514c-4c1e-aea5-7a4340d0a9cf,38,392.1477167,203.7936699,94111b18-5ae1-4851-b15f-06358f70b825,e808e096-2cc7-4b05-b5af-966bbe9d1e6a, this is comment for performance test on perftest environment  we can see the comments later  for small files for second perf test1118
0b6f3da0-6fdf-4bd9-84bd-b3ce5ea649cc,35,228.3539154,78.03081616,c656a0e8-bd43-4d62-bfea-9c3cb4737056,ab34ac91-193b-4f15-8a03-5ed4488605b1, this is comment for performance test on perftest environment  we can see the comments later  for small files for second perf test1119
bc8fa61e-3fb0-4df9-96ca-2760d329807f,175,330.6779694,246.9698715,2bdbc8dc-f3ae-4a3d-adfb-5290cd869964,3bbffc17-b6d6-45af-8f0e-571c290accd2, this is comment for performance test on perftest environment  we can see the comments later  for small files for second perf test1120
88470141-de2c-4665-bb7c-54ee1e771922,194,33.08862628,10.65121071,c26bbc59-497c-4025-85ca-49612ed514d9,4d47bda4-6666-4b63-a90e-a9d3cd9b2a7e, this is comment for performance test on perftest environment  we can see the comments later  for small files for second perf test1121
9bceda1a-1428-4c98-a0dd-a0c69d111be0,181,131.1790992,288.3682127,07bac1b0-ab24-4507-9545-aa8dd307c2cc,d6a08d5a-fa9f-44d9-9446-95203c7cd800, this is comment for performance test on perftest environment  we can see the comments later  for small files for second perf test1122
014bbe85-5418-4cd3-be3f-91e80ebff4f6,176,193.7305467,124.7000019,4625f855-2696-4d4d-969f-0764710566f6,d5a6cafe-c92a-4bfd-927d-de60f9095401, this is comment for performance test on perftest environment  we can see the comments later  for small files for second perf test1123
b717a9f6-b476-46e5-b3b3-15c27a486d64,69,153.7138377,27.64830946,7bfa1053-728d-490d-b91b-573dab044ded,69cfde44-ea24-469d-b64a-acdc1e5ee3bd, this is comment for performance test on perftest environment  we can see the comments later  for small files for second perf test1124
efc162d6-74d3-4571-9ae4-f49133f2560f,163,253.429301,199.431781,06297038-afdb-4d5e-9bb8-5af2d5af824a,25a6e7c8-777a-4d60-aefa-4ec28f2a962b, this is comment for performance test on perftest environment  we can see the comments later  for small files for second perf test1125
d92da332-dcc4-453b-9a34-55a65035f5b0,54,328.016074,139.4551357,10a51a8a-50c2-4cd4-957f-1ff8de3f1f98,3a7ab81e-8fa0-4362-9520-e19708d2882a, this is comment for performance test on perftest environment  we can see the comments later  for small files for second perf test1126
80d50728-d204-4ebf-92da-905249dbabce,101,77.63338619,99.25157436,2c7d62ad-28b2-4cfe-89ce-3a9604e345b6,05629882-4d51-495a-ab01-2d798e4425ab, this is comment for performance test on perftest environment  we can see the comments later  for small files for second perf test1127
70c5741e-191d-4d26-a36d-9a19ee0f1a5a,175,367.8325191,254.7754248,ca6f560f-3c38-4806-a39f-92f5b1dab1bc,97861b3d-4cce-4dd8-886c-b5df72b52b47, this is comment for performance test on perftest environment  we can see the comments later  for small files for second perf test1128
6e1af411-860c-45a5-b5c4-c7a9c4bcbac2,80,42.3876528,18.3015254,78415d58-941d-4fb6-a08d-5e5a7f5cdd17,32e6494c-2799-48be-af05-7035d2edbf70, this is comment for performance test on perftest environment  we can see the comments later  for small files for second perf test1129
af03396c-cdb8-4a3a-93fe-bbeb560791d5,17,215.9997356,141.2742165,54dd049f-0209-4c57-9ced-373757967e2c,5f66b47c-1bf9-4487-9b0b-4b180db6be45, this is comment for performance test on perftest environment  we can see the comments later  for small files for second perf test1130
241a552a-fea7-4e5d-8210-b33d464ee254,151,488.7851543,33.89299542,53556195-cfd5-4687-bbf1-e40137830517,15047771-a985-4500-97fb-9357746afd1d, this is comment for performance test on perftest environment  we can see the comments later  for small files for second perf test1131
1697ed40-fe01-47ee-afde-bbf1c9d9419c,67,488.5779626,78.52190088,cd1360aa-b54a-4fe0-96ac-b4fd5cf0aece,1e781a1e-2b61-423f-9bf1-bac348ffbec7, this is comment for performance test on perftest environment  we can see the comments later  for small files for second perf test1132
1b3c2fea-b1ea-4d0e-b563-35ffcc7b7fb2,141,430.3137207,116.7955018,67cbaf5b-5ec4-4623-8657-758de0d5259e,49159562-dd0f-4bb0-8c94-cc877418c31d, this is comment for performance test on perftest environment  we can see the comments later  for small files for second perf test1133
68217cdd-eb0e-4c3e-9e9f-89ba07e396a3,198,455.9267607,256.3385361,5686c96a-0ed7-4003-b365-66e6c8a751cd,977139aa-4660-425f-ae32-d88565f4bfdc, this is comment for performance test on perftest environment  we can see the comments later  for small files for second perf test1134
5e88bd5f-3c1c-4b4e-b6c5-a4fa33ada163,6,132.4233331,150.6492095,6a2a5f67-c90f-4abf-9a02-2c9d812cc8f0,2f5ab606-f0b0-42c4-97f3-4d63a67b678c, this is comment for performance test on perftest environment  we can see the comments later  for small files for second perf test1135
7cf7d829-7e61-44b4-9d5f-bd591db4cb98,151,33.79007631,81.41373893,835bcadc-b041-48df-b1d8-107d5bf5eacb,421494dd-693f-4309-a590-123626a77164, this is comment for performance test on perftest environment  we can see the comments later  for small files for second perf test1136
eb239221-ed07-49cc-8238-dfcb5e980f59,34,94.39347538,207.214637,2994056b-8a58-4e24-86b4-95eca52d151f,9d6972c3-a409-48ae-8792-5c04b12231ba, this is comment for performance test on perftest environment  we can see the comments later  for small files for second perf test1137
7ac6ad29-4408-4179-9680-add4e69aeed7,13,182.9670635,65.45073773,aee0bc2d-7d8e-4626-ae5d-179ff523cbd2,6db3b935-025c-43fc-9286-3710ca8d120e, this is comment for performance test on perftest environment  we can see the comments later  for small files for second perf test1138
13c180c0-da60-4aea-8b09-39c147d69844,64,379.5515277,163.0110736,f66c6c69-0e6e-4e6e-9bf0-7d73ab2adca3,e31605a8-89fc-4b36-aedf-eea6894179ae, this is comment for performance test on perftest environment  we can see the comments later  for small files for second perf test1139
98d8d6a7-80fa-4ae5-adad-dab8a7e790b5,137,442.6233996,7.937047988,be42bf49-34a3-4a2e-8ae7-41792177e676,96f485b7-43cb-4d94-a1c9-3bbd873880f8, this is comment for performance test on perftest environment  we can see the comments later  for small files for second perf test1140
ea497e3d-05eb-4c8c-8f99-423e48e0fb93,128,286.5716422,81.88554418,9e2bd746-9077-465d-8952-f551fd4c08b2,27612ec5-e1de-430d-9028-e02934989c6e, this is comment for performance test on perftest environment  we can see the comments later  for small files for second perf test1141
b2ef8ed0-9c7f-4be5-8161-d37b70d608d8,122,171.3301173,187.9303224,e125be62-017d-4846-8c56-18028beeab4e,3895877d-40ea-4d47-81d0-c87ab162dad4, this is comment for performance test on perftest environment  we can see the comments later  for small files for second perf test1142
26f8f117-911b-49be-b56e-61d56462029b,15,180.894944,159.5214776,9e6a4c7e-067a-4199-90b2-2fb185f23a4f,c9b48550-a8dd-4767-8037-6dafb43e362d, this is comment for performance test on perftest environment  we can see the comments later  for small files for second perf test1143
56265211-9043-419c-9d93-d0974b7bf1ce,93,399.0194956,15.69616375,2287308c-eb0c-49ce-9202-5efbff0f9d77,f103d013-5159-4b0f-9287-8118abb0abd3, this is comment for performance test on perftest environment  we can see the comments later  for small files for second perf test1144
8c597ff6-dbea-4ad6-83bb-4254c7bbbbc6,65,208.6184588,113.726791,95e930a1-5520-4ddf-ab44-015ef357e789,4b351492-a067-4d7a-ad49-cfb3345dc111, this is comment for performance test on perftest environment  we can see the comments later  for small files for second perf test1145
468afe09-8168-4c16-bd66-effb89fcb55e,168,420.6809044,79.43821783,44284be1-1171-4556-ae64-7043c387736c,9f051d4e-df13-46f5-9b0f-677e2846dec4, this is comment for performance test on perftest environment  we can see the comments later  for small files for second perf test1146
cbb6b92c-c5c4-4dad-807b-07e7301cb357,27,166.3040912,118.9848374,fa09e547-07e5-421b-b046-ab6b37e63b0f,c730348c-1bb0-4090-9d03-c3380dba00fd, this is comment for performance test on perftest environment  we can see the comments later  for small files for second perf test1147
adda7f70-c5a5-4841-9573-1f0ea4b2a49e,144,393.1750426,281.5754155,2089cd3c-5719-47db-abcf-d74d22590a5b,655dc6ad-5974-4bd3-942a-816561389416, this is comment for performance test on perftest environment  we can see the comments later  for small files for second perf test1148
2474c5e3-63e3-49b1-b96a-9f34c3630f3a,161,468.2974243,37.21931078,aa155840-8ff1-41ee-981f-4f33bfb1a296,b832e707-b170-45f4-b747-89a4b5ad9c0a, this is comment for performance test on perftest environment  we can see the comments later  for small files for second perf test1149
43abadba-d650-4f09-9d38-77b8510d5cb1,187,445.3570339,8.964277604,03853954-230f-4598-87ba-25dcb64842f6,82226e71-4230-4dcc-8609-f3752f695a0c, this is comment for performance test on perftest environment  we can see the comments later  for small files for second perf test1150
253d1766-efed-4965-8085-d9bf91adb968,106,430.9951038,277.5910776,323364a8-1aa9-4dc1-8882-8e2790f0490c,81ae7235-f79f-4ff5-bae3-e03f9270c2ac, this is comment for performance test on perftest environment  we can see the comments later  for small files for second perf test1151
a29727a3-b539-4944-995e-a3cc7824839c,141,230.035619,202.1165783,9ef002e2-a83c-453f-8790-e0ac56af0a6d,929af2ab-79a4-463f-a2f7-004dabc88ec5, this is comment for performance test on perftest environment  we can see the comments later  for small files for second perf test1152
c5acea27-5fe1-48b9-b1ae-f5da86d8b417,49,122.1729693,66.54677663,9f804a31-5eb6-4e6a-8106-aff72d1b83ae,b08e6281-3950-4cfa-ba5c-f2f7e43d4ac5, this is comment for performance test on perftest environment  we can see the comments later  for small files for second perf test1153
b10d2cb3-f51f-4b58-bb76-bfec1f111899,182,446.3645932,98.86741622,41a73720-ad40-4d3c-8564-3822e55704c8,a32264f3-c808-43ca-9091-c519c16a3b53, this is comment for performance test on perftest environment  we can see the comments later  for small files for second perf test1154
28b3d124-68b2-4cb7-ab2e-a552dba2673d,79,217.5349888,91.97572157,8f2faa88-8775-4b47-8133-a600412d0918,a55e2948-27eb-495d-b8bb-9640cb11f7a1, this is comment for performance test on perftest environment  we can see the comments later  for small files for second perf test1155
8f065b9b-039c-4087-9fb6-5ea8d574a4d2,179,241.2087696,61.21072716,aac50ba4-360b-4b9a-ae14-c2fcb79268b8,cec82178-4f79-4304-8787-9d08f7e297d5, this is comment for performance test on perftest environment  we can see the comments later  for small files for second perf test1156
c5815e0a-5ad8-48c5-aab7-7632b85aab80,131,479.0538678,270.4646305,85eb7bfc-5ca7-410c-9fd9-c6f1f51b4c17,e1ef4691-1073-43fe-9a82-ad8e7f930707, this is comment for performance test on perftest environment  we can see the comments later  for small files for second perf test1157
4156639d-2b82-4ae4-84b5-bbb67a65b648,85,366.9307543,72.30740609,6087a2ae-7225-4903-bce8-079e4f7d4ca6,2c2c8550-7c38-4b8d-a2dd-e4186d57048f, this is comment for performance test on perftest environment  we can see the comments later  for small files for second perf test1158
2ceaee5e-edaa-4efa-a16f-f26e678a8a2a,179,456.8741711,119.0931938,51b73989-c593-4638-b8b4-23afa119a04b,417a3134-21aa-45a3-acab-d1159ea3f4d8, this is comment for performance test on perftest environment  we can see the comments later  for small files for second perf test1159
1fa0b2ec-c437-4198-9210-4542c0276499,114,175.9279628,100.215046,8d23121f-4380-4c51-b6d2-b36e061e180f,b688bdfe-e7dc-4906-b639-e74cebe19a30, this is comment for performance test on perftest environment  we can see the comments later  for small files for second perf test1160
c73f53e4-6ac7-4d77-8a5b-631e50dffe49,195,303.4005916,189.3744214,ba37bbff-7409-4aff-a0a6-2b7656d318f6,f7309045-ab23-47f5-ac2f-829985049516, this is comment for performance test on perftest environment  we can see the comments later  for small files for second perf test1161
f0311f59-9d38-45fc-8016-b8324d015da0,42,75.06727123,190.9814787,e4f2e705-af7b-46da-bbaa-3c2cc49ac712,b56d41f1-0b5b-46a7-bed4-b2b1bff0ab4c, this is comment for performance test on perftest environment  we can see the comments later  for small files for second perf test1162
b394ec07-4d7c-4090-aeef-bb175ee0be09,197,432.9986925,263.7608035,6d1dd7e7-c98e-4fdb-89ad-aa655a812481,b1bf9f56-5a7d-4bf3-b7dc-7959eef6b929, this is comment for performance test on perftest environment  we can see the comments later  for small files for second perf test1163
7565ef6c-1053-48d0-b646-a8e9c39a498c,52,137.8124407,215.7417049,c48306c2-14db-4fdd-9612-7667584ef2a6,8eca2605-6704-47c9-a0b5-4f6d98b00c0c, this is comment for performance test on perftest environment  we can see the comments later  for small files for second perf test1164
f2da7243-df3b-4652-9bb5-7873431269b0,195,320.2315693,249.1231304,6d045e04-3977-4ca1-94aa-846e3d2e0317,8e88b969-166e-4ba9-ab03-5f57715ab799, this is comment for performance test on perftest environment  we can see the comments later  for small files for second perf test1165
c119dea7-0ed3-46f3-934e-1cf3ca92b81e,68,81.14951368,282.7782677,95b56712-7cb9-4e04-951b-85798cd4374e,bf8d072d-2962-40b7-b027-467311d067a5, this is comment for performance test on perftest environment  we can see the comments later  for small files for second perf test1166
28f00ba0-9954-4b1b-b8a9-2ad00b3c5907,67,183.9185619,27.83647705,fcb32402-fa6c-4c60-bcd7-6a4a574a831f,d340ef7c-6a45-4d06-a28c-ba8151a75d5b, this is comment for performance test on perftest environment  we can see the comments later  for small files for second perf test1167
ed8a8c51-cbd9-47b6-a968-3dc7d6221aa5,62,497.1562911,128.6277491,c1e86fc7-d970-4922-8f5f-479e401168c4,839e7e5a-1c6a-4ccb-8c0f-17b2c5b91e4b, this is comment for performance test on perftest environment  we can see the comments later  for small files for second perf test1168
8b397612-6e98-401a-9ed7-53640130d2b5,174,482.1453167,198.2151411,da4677cf-ab97-45c3-bf2e-ed8c0f2eb563,af5509aa-7ced-485b-8b5e-c5cc263e264d, this is comment for performance test on perftest environment  we can see the comments later  for small files for second perf test1169
2e7a1565-c425-48f6-92d5-a027d7775c8c,116,284.9416616,253.7856271,765c2084-660a-4c3e-ae71-bab1ae7f5a34,95ed9b74-9cef-45d4-9134-68a936fc630a, this is comment for performance test on perftest environment  we can see the comments later  for small files for second perf test1170
3667ba4c-ef5b-40f5-a5dd-a1a5059c5fc1,43,146.728602,231.2237697,dff7dcaa-24f4-4f83-a2a0-9c962e696f43,46773460-51ff-4dbc-a059-69604aaaf2e7, this is comment for performance test on perftest environment  we can see the comments later  for small files for second perf test1171
d5fdf33b-03e9-42f3-bc83-9174f53b164b,38,443.3432888,113.9816521,ff8cf11f-cf9d-46f3-8244-ad6df75a89a1,78202ddb-c523-4f4d-9aec-3e3009515a28, this is comment for performance test on perftest environment  we can see the comments later  for small files for second perf test1172
45d86174-60a4-49ef-84d5-52de180d9ade,22,315.0326738,70.4173788,4ae2afe3-7f32-4a44-ae48-085237ebbb46,285abbdb-a4a7-4698-8f9a-394d71b6c35a, this is comment for performance test on perftest environment  we can see the comments later  for small files for second perf test1173
f6445f3e-f1c0-4fee-a233-6406e72f15b5,109,254.7993179,152.0382623,1c458c78-4e02-4ffd-baa1-4efb231cbdd5,dbc671d3-463a-4ce0-bef0-9ab830afe970, this is comment for performance test on perftest environment  we can see the comments later  for small files for second perf test1174
858dd5d2-51b6-4f75-b719-214366e6ac62,68,496.372414,64.25296473,384031c4-eb4f-4752-af0e-b19ebcf6f932,7b1f7688-5a5a-435c-99c2-9e1e3dff576a, this is comment for performance test on perftest environment  we can see the comments later  for small files for second perf test1175
e0f84a38-fbf5-4742-88b2-929d83f3882b,185,248.7222945,256.7138178,727a875f-afc1-4e05-95cf-adeb174aed0b,681fb070-f44f-4c0f-8438-52abc32d4741, this is comment for performance test on perftest environment  we can see the comments later  for small files for second perf test1176
86a3c6b3-267b-467b-aa12-34213b776a3e,114,311.885246,53.15618457,08f60152-dfdc-479c-bb10-a6be64618649,4e9b0b1a-db1b-4c49-bcee-a3c08e1c827a, this is comment for performance test on perftest environment  we can see the comments later  for small files for second perf test1177
85c14e17-57f0-464f-9afb-44f5eecdfff4,144,471.9566779,201.465219,67386960-6dc8-4676-80a7-8144c54ab97c,b278211a-a6b2-43c5-acfd-bf2e2870e5f1, this is comment for performance test on perftest environment  we can see the comments later  for small files for second perf test1178
1f5c2d35-ed65-4e93-8c28-72855e14b187,200,116.5098757,173.4677997,83e17020-e92f-45a8-a16a-6ce959eedaca,2a232103-01a5-4296-a9bb-bd50d00ec01b, this is comment for performance test on perftest environment  we can see the comments later  for small files for second perf test1179
354858de-2be3-432d-acf9-0c030441135b,35,393.8913633,99.5951942,2400e8c6-ce79-44f4-9f76-854efff64122,9d805c84-aaf3-44d2-a324-8c9975fe0a4f, this is comment for performance test on perftest environment  we can see the comments later  for small files for second perf test1180
0768c4b4-78e2-4be8-9e95-308e409d247b,140,293.8131239,123.6475628,696dc667-f6e8-42fe-a300-83314be07c72,7592e50f-f054-4ad1-9cbe-8ddb2020680e, this is comment for performance test on perftest environment  we can see the comments later  for small files for second perf test1181
c3c996bf-3d7a-4d9e-aab3-c1331028c164,25,324.8561684,153.6965599,1c2e12a6-f7ea-4e15-99be-efd36026100a,c478d3a4-d11e-4b67-bc10-f635563b96c3, this is comment for performance test on perftest environment  we can see the comments later  for small files for second perf test1182
49454fba-ee28-4741-990f-2de9704333a0,103,176.5327475,278.4526984,61fb306f-5801-46b7-bada-55458a1f3161,90782216-7590-4163-a0f3-e79030087d26, this is comment for performance test on perftest environment  we can see the comments later  for small files for second perf test1183
a9a999a8-de4d-4d4f-b5e9-6f9e28fc4cae,164,454.8269938,281.6496875,c08b3064-38f7-4789-810f-395109d4c145,8c22e516-a3a2-4f83-b7b2-39bc77ac8d1b, this is comment for performance test on perftest environment  we can see the comments later  for small files for second perf test1184
9b5c118b-2970-4e4e-877b-f45c9a8e2871,96,403.9671465,99.37010164,09e35961-e20e-4bb7-8e72-afbf1495f763,b1643dfb-71f8-491d-ab3b-0864b29a047c, this is comment for performance test on perftest environment  we can see the comments later  for small files for second perf test1185
a2a8dae1-8a9d-41bf-92f2-3792c99932fd,152,412.4041501,12.71271221,2dbb69ce-8273-4325-a8a4-72eca817a6f9,1447aa12-773e-4792-8a53-6dd04f990d5d, this is comment for performance test on perftest environment  we can see the comments later  for small files for second perf test1186
63188b69-090f-4203-996d-e5ab58719cff,21,371.2930107,166.0657923,6df33f76-b507-4aed-a26e-5700831ec45f,cb3853ea-56dc-4b7d-ae14-afe4371525a8, this is comment for performance test on perftest environment  we can see the comments later  for small files for second perf test1187
3232c9c3-7c39-4ebe-b774-56a2b67b8435,21,74.65813312,23.57292166,97851dfe-75ec-40f7-9f28-433b42f5a611,1c3ca915-9bae-407e-b0c5-7e158d711c85, this is comment for performance test on perftest environment  we can see the comments later  for small files for second perf test1188
b70f5709-c5c8-43cd-a969-80b8096d2000,24,443.5179957,37.28325846,d16c391e-564c-44d8-87ac-6c79cfc9785d,2c76b37c-24d1-4f52-8d0c-5b12c3299c57, this is comment for performance test on perftest environment  we can see the comments later  for small files for second perf test1189
6dd61c6f-2c3b-4269-b051-33530bcf9233,9,410.8372131,172.769274,ba4f7b50-198d-4334-843c-75da426757e6,bea34b74-0187-40bc-bed2-062617f1a7fe, this is comment for performance test on perftest environment  we can see the comments later  for small files for second perf test1190
8fdbdd06-2c16-4669-8271-5940ee4d1553,133,9.502480853,210.2986094,c89e7483-3fba-4797-a1b9-6382e1046e7f,3a3db24a-c068-4386-baaa-60e222df9f39, this is comment for performance test on perftest environment  we can see the comments later  for small files for second perf test1191
35eeee63-db5b-4f6f-a164-62d1e5ba2400,162,437.1230174,3.881627974,ef1808bd-64e8-4776-936d-d17da4cfa2a4,432a01b7-c077-48b4-bcc0-01e690b4587e, this is comment for performance test on perftest environment  we can see the comments later  for small files for second perf test1192
9b82af38-564c-435e-96b3-0b844868d9da,83,99.17615347,7.111219885,f3180921-88a4-4836-8541-36cf25d272aa,0a544b4d-b68d-4796-b371-362068cae650, this is comment for performance test on perftest environment  we can see the comments later  for small files for second perf test1193
b8b49a80-e564-433f-a484-2fb44605f6b3,180,376.5592095,273.604181,82d9f383-45cd-4310-849c-30aa914db869,d7d4aaa5-e61c-483a-9dfd-47c656978e64, this is comment for performance test on perftest environment  we can see the comments later  for small files for second perf test1194
a81f9ef2-2430-4663-9386-71aa69c064d1,152,313.0324015,120.9637441,659e9283-27dc-4e85-a0c8-fed2d143075c,27e7ce36-99ee-43b6-ac7e-7f73528312a0, this is comment for performance test on perftest environment  we can see the comments later  for small files for second perf test1195
e848acba-e8b8-4aa4-81c2-d790b7e23f66,87,424.8598678,184.6344601,c8a8b8f3-ebf8-4e81-9bfa-56a58ba988c1,3e15ea3a-1d8a-4333-b4f1-3d66280dd60b, this is comment for performance test on perftest environment  we can see the comments later  for small files for second perf test1196
95539e51-bd4f-4095-ab72-0c557b5cbbad,88,248.9442553,158.0559342,7046cf4c-f004-49ac-959f-7eacf4d52544,022db377-4e4d-4e9e-8a12-e3e8f49e20d6, this is comment for performance test on perftest environment  we can see the comments later  for small files for second perf test1197
95cf83c7-f9fe-4935-bc0c-902b9e701be1,85,396.8601255,218.633485,61357a0d-1f8d-41f2-b632-37686cb410af,5d910a3c-ae64-4c11-8021-feafe6ce60d2, this is comment for performance test on perftest environment  we can see the comments later  for small files for second perf test1198
f4c6977c-1fcf-4afb-9cc9-2b8a8fa47f14,31,12.48566994,132.5172268,6221dcb3-3002-48a6-981c-5de05ac7b741,3954c3a2-3e87-4d09-b298-504f5df187b5, this is comment for performance test on perftest environment  we can see the comments later  for small files for second perf test1199
aef60a1f-db07-48cc-b871-b72285479948,10,83.67130074,288.8270526,a9b9672f-98b5-4b80-bcdc-e7eb413455e9,40110be3-7bf9-439b-85cd-0e0fc664f59a, this is comment for performance test on perftest environment  we can see the comments later  for small files for second perf test1200
8af706ad-496d-4bc3-a741-855436d494f1,2,466.8750548,95.47057894,5aab9753-714f-4c92-ac88-bd6472f97b7d,fb8ff152-238c-438c-8c39-a9aae21b2509, this is comment for performance test on perftest environment  we can see the comments later  for small files for second perf test1201
61430c80-0995-4d53-b178-6147994a20cd,154,461.8535144,21.66604042,fb57a465-5560-458e-9c60-2dec3e601f10,34a81550-ed2e-4cfc-9115-0f22c436f306, this is comment for performance test on perftest environment  we can see the comments later  for small files for second perf test1202
0b32cc49-0394-4b68-a8f0-0ab9676653b4,146,94.43436891,205.5528166,bbcb2ceb-8805-40ff-90b2-e62794aa00c1,6864ade0-3474-4f8c-a8c3-fc2cec76e1c1, this is comment for performance test on perftest environment  we can see the comments later  for small files for second perf test1203
0448e4e4-5e93-4929-a606-d4a073b3e7fc,179,123.7649067,2.950620418,dc3988b6-c45b-44ba-8fef-ab22d752c2c1,86338efd-8516-42f9-87f6-64f903563769, this is comment for performance test on perftest environment  we can see the comments later  for small files for second perf test1204
734f62cc-4f11-422e-bf77-77e21026a04e,122,78.56523064,184.3178047,fb14acb2-acbc-43b1-86f7-71d10746d8db,1f37107d-2a28-42b1-8b66-5c7dd4c9bd71, this is comment for performance test on perftest environment  we can see the comments later  for small files for second perf test1205
60388d79-a2d7-4670-9779-9e2e24177b65,43,314.2700991,245.6168131,2bd7ad15-a435-4bff-8dc2-5d22074b5ce7,99ea6ea1-3adb-44c4-b168-fb4f33487e5b, this is comment for performance test on perftest environment  we can see the comments later  for small files for second perf test1206
65f0e9b7-cccc-437a-8913-6ed9a2656fe1,40,372.6094001,27.86098649,99f4faa6-abb5-4169-9a3e-0a9413e3a019,22b412f1-b518-4044-97f8-fa30f89cee97, this is comment for performance test on perftest environment  we can see the comments later  for small files for second perf test1207
ab1003f8-3ed5-4423-88fa-abf6758361d9,177,470.7114051,77.71518865,ef9a34c7-1364-4b49-bed2-a02d1599717e,2e7bd8dd-a4ed-4e14-ba33-0e045c4e6f99, this is comment for performance test on perftest environment  we can see the comments later  for small files for second perf test1208
d67d0a55-bb64-41aa-a52d-47918ce943a1,11,146.9476224,299.6551249,4d9f6b65-233a-4973-bb4e-036a7b3dde4d,fe06e17c-7afe-403a-9113-1f8cf191f882, this is comment for performance test on perftest environment  we can see the comments later  for small files for second perf test1209
e5d0f803-481d-4f44-b031-6db9881b16fc,83,338.9208786,172.7725776,d50fcddb-b454-467d-b8b2-edd345e709c7,adc4d94b-b037-4c8d-9daa-e5a4510e5c27, this is comment for performance test on perftest environment  we can see the comments later  for small files for second perf test1210
59864a29-0ecb-47b5-9df3-2476e54b575e,126,419.0989519,169.4256925,1c9186d9-93ce-4fe7-8f38-4a4e602c62a3,e9ebdedc-e982-4700-8054-d73d87d1e1a2, this is comment for performance test on perftest environment  we can see the comments later  for small files for second perf test1211
0805b1bb-0095-498f-9765-a01afaec82f4,175,332.4744845,27.57531723,ab5d0497-2dd6-4099-a513-a573279ed1ee,8def46d3-a641-4345-8903-f1712035aaf0, this is comment for performance test on perftest environment  we can see the comments later  for small files for second perf test1212
b6ba6bb6-c6ed-4e00-8586-7bdf1ec53959,35,92.65120248,150.9326789,7b6d763f-de14-4678-9a2f-464b0855419d,4587b41d-33a4-4910-b91c-2a7c687367dd, this is comment for performance test on perftest environment  we can see the comments later  for small files for second perf test1213
7bf0d771-639f-4e65-9f34-e100230e4356,58,280.6938816,200.3630737,3063a8e9-719a-48ba-832d-eb9e82f8f4a1,3272fd23-92b7-4acf-a6d2-0f4cd7fcf47d, this is comment for performance test on perftest environment  we can see the comments later  for small files for second perf test1214
f0545ac0-7189-4ca1-8b7d-9e0a85afbc39,116,302.2566203,166.3375991,8b3581e4-0a16-4f43-8a39-de5dec006700,8c8f3fa3-4fa1-45e1-ade3-727074ec591d, this is comment for performance test on perftest environment  we can see the comments later  for small files for second perf test1215
c95dc303-b1ca-4917-bc45-3b27f8b51b68,101,374.3550909,85.45783359,a34b2cf6-f3a5-4e1f-aec1-a76106f530d4,6985a33e-159a-44b4-b7ec-994463400462, this is comment for performance test on perftest environment  we can see the comments later  for small files for second perf test1216
86de56e9-88f2-4380-b0cf-a77e7bcffb33,177,274.7801445,216.5566285,f0ec25a2-cda5-40e5-8fac-4bc93ed8167d,b5e44ce8-19ed-4d8e-8c4d-09241e848eef, this is comment for performance test on perftest environment  we can see the comments later  for small files for second perf test1217
444e6d8d-0b97-4828-9ac3-4e550917152c,24,228.874531,187.5149008,089942d5-1135-4cbb-99ef-ec4bdbafab3e,717d8b76-03c5-4d2d-8cd6-7c8a06df7869, this is comment for performance test on perftest environment  we can see the comments later  for small files for second perf test1218
07638db2-0442-4317-a4c1-2bad0275fdd0,29,35.53992833,282.3329118,dfc2983d-1a37-4941-a450-2128a0b57690,e18c98d2-3608-456d-81f3-71057daad587, this is comment for performance test on perftest environment  we can see the comments later  for small files for second perf test1219
ff8b20e0-aec5-42ea-800e-6b4c57e37985,117,391.0562175,52.97779428,ad095835-47d6-44b4-bfa6-2c91d07db9aa,20dd095f-fce3-4669-9d7f-d5c6f95b9416, this is comment for performance test on perftest environment  we can see the comments later  for small files for second perf test1220
0f9f18dd-9ff7-4d4d-9377-cfe48e351a87,161,276.4206242,37.96441332,ef8a9b5e-6af4-491d-ae19-9f7a9b1c08db,28a35390-c347-4db2-84c3-186446cd0298, this is comment for performance test on perftest environment  we can see the comments later  for small files for second perf test1221
f325958f-99c2-4df5-a555-a005aa7e6aba,65,376.3801654,290.1146623,62e3258e-001c-456c-a464-ef08e5996ab4,abb98229-5b63-4584-a986-15359c42726b, this is comment for performance test on perftest environment  we can see the comments later  for small files for second perf test1222
60c0e9ee-4829-44f3-91cd-65aa53d205a8,180,145.894346,23.52225383,8823ed6f-95c9-4590-b740-5b0c6fbcd786,38aa0f39-7108-4985-bb57-f79985d77bf7, this is comment for performance test on perftest environment  we can see the comments later  for small files for second perf test1223
9f016ccb-7f5b-4fee-ab1b-7935022f9b12,1,334.3121576,298.4407315,f9c1fbba-23e9-45c2-a706-80336f7590d6,bacd7150-48c2-45c8-8171-f52e5e7af619, this is comment for performance test on perftest environment  we can see the comments later  for small files for second perf test1224
ddc79aa4-001b-49bd-95fc-00f41a8893c4,88,354.5157477,138.3760429,d0955ebf-0ae7-47f8-9604-aa572cdaa277,114e46a6-10b9-44be-8d21-06fce009d375, this is comment for performance test on perftest environment  we can see the comments later  for small files for second perf test1225
a6c54a68-5deb-4125-a0e1-7789a41c653f,84,55.17546222,8.681975872,074d093a-8781-4a79-919c-6d7fe9754eb3,ed8edc09-c821-45c9-82f8-51255981a1a1, this is comment for performance test on perftest environment  we can see the comments later  for small files for second perf test1226
8c611416-0d5d-46c4-98ba-8a7a019765e3,69,321.5673079,61.85481843,344cc944-3575-4320-85ac-82eb5f5f8e42,e59c39de-eb0f-4911-9869-a9244005b9a3, this is comment for performance test on perftest environment  we can see the comments later  for small files for second perf test1227
f3e58301-6a25-4e00-87dd-bd616f475885,114,195.6398796,295.0658026,0ed3baaf-557e-48da-a2dc-e82da3fab569,49b837fd-9c65-4215-a80f-2f9512e2208c, this is comment for performance test on perftest environment  we can see the comments later  for small files for second perf test1228
8614aeb4-3868-4ad8-9fad-9e0e877aa4ec,56,25.95613766,50.4285754,61744045-cc4f-4a02-a3d9-4fb482925974,e28598d3-595f-45d6-8ee7-9435459ceda2, this is comment for performance test on perftest environment  we can see the comments later  for small files for second perf test1229
461b2420-1e6e-44f9-9969-205aaf6e9385,181,463.685703,41.05239738,eaf3f81a-ad39-459b-a42d-dfa53427ce0f,991a74d2-533f-4c44-8e83-9350d85e27ae, this is comment for performance test on perftest environment  we can see the comments later  for small files for second perf test1230
f3a9f50f-65d2-42f4-bf0e-3efc9306a599,106,197.3816345,155.9681406,93fde53d-d3c5-4e53-a712-bf2ff35fa6f0,76d3c373-35b6-4815-b305-ac7da6ec74ee, this is comment for performance test on perftest environment  we can see the comments later  for small files for second perf test1231
a3d68375-d5d3-44d0-b425-354b3ffa336f,53,56.75832617,60.1262484,7f9dffff-7471-4591-a0f6-d3a4af2b6d99,0e16ba42-7d16-425d-af42-cf0f6ce64ad3, this is comment for performance test on perftest environment  we can see the comments later  for small files for second perf test1232
d42fde88-4412-41cb-8a19-3c026ebc89ef,143,70.81579271,59.06891866,5ff2fa83-d3c9-42b6-a907-f57592098edb,590e4301-f41b-4014-8314-71e2430391c2, this is comment for performance test on perftest environment  we can see the comments later  for small files for second perf test1233
efde9195-1856-45f5-8de9-dd0c3ea4a0ea,5,338.4512085,176.4943138,e61168ae-6b7a-47a4-bbfc-e3fffc960d48,0d338fe7-0666-4e18-8844-29f0ac904e86, this is comment for performance test on perftest environment  we can see the comments later  for small files for second perf test1234
690123cd-bbe1-481d-b722-a20e789d6808,61,480.5168201,44.30460803,304aba78-8607-444f-88ba-fdc37a22fe72,c2cdc98b-3fd1-4e9c-b52f-680a3fc96b5e, this is comment for performance test on perftest environment  we can see the comments later  for small files for second perf test1235
a8b31f9b-3190-4c7a-9190-6c65aeceab6f,39,105.0845525,52.09040711,de62b90e-6a22-486c-8180-b902aa418311,7227967f-2788-415f-a88f-f0344d830092, this is comment for performance test on perftest environment  we can see the comments later  for small files for second perf test1236
8aa39dda-40eb-4882-8f9b-9c6866ac470e,176,339.619831,91.37301038,790b708b-9d24-4321-a5ed-e9b92cbe8fda,6f70741c-e9c0-4b4d-8a90-79cb53f1e873, this is comment for performance test on perftest environment  we can see the comments later  for small files for second perf test1237
a3b8e4fe-9ced-4c18-ab5f-b8d6e2a85238,146,80.56659436,190.8332424,b2b641a8-83e6-4d47-9ea9-327cae0bd101,4b134840-c7bc-4850-8304-2d25191b53f6, this is comment for performance test on perftest environment  we can see the comments later  for small files for second perf test1238
278682a7-7c8c-41cc-97af-b4238e7a6c7b,122,311.7416228,24.73104216,59bb3f2e-4c14-406e-871d-39d329e058e3,a11e03b4-5bbc-476b-ad1a-c3c27765df95, this is comment for performance test on perftest environment  we can see the comments later  for small files for second perf test1239
bb8f63c6-2d9a-4e65-8320-e8ee747f82bf,116,68.45419287,7.3579228,713e72f6-4694-455c-be2e-86a74c2c74e7,4e0365a7-3f40-4ea5-a26a-2b4c1784da21, this is comment for performance test on perftest environment  we can see the comments later  for small files for second perf test1240
1654b586-b441-496e-b681-539adfdf30a3,113,154.3626681,13.37749114,a9fd2262-0850-40bb-ba37-246ea7308503,601b785e-1e5d-4096-9da1-7719c3c59d4d, this is comment for performance test on perftest environment  we can see the comments later  for small files for second perf test1241
97c0fc4f-7d5d-4117-87e4-b9e0a15c7055,115,27.62447223,3.231011912,39cef9fa-9c34-491d-8772-4252c358f5d0,0756d20f-7e12-428f-81ae-f765f42b0fb3, this is comment for performance test on perftest environment  we can see the comments later  for small files for second perf test1242
8ef96c94-0208-4010-8d00-06a3801273ba,148,495.8106368,227.3783293,9800e37f-9b06-4868-822e-42e26f27478e,72d4df01-a4b4-4898-862a-f07bb7d30ca6, this is comment for performance test on perftest environment  we can see the comments later  for small files for second perf test1243
69258a19-0a47-4adc-aba9-42efb488a8b4,42,351.8267917,50.82298356,8f593fdd-5881-4050-9bc4-ab5fb6b4ed1a,cac76b2c-2ba6-4eef-9b4b-4d3373fb2c60, this is comment for performance test on perftest environment  we can see the comments later  for small files for second perf test1244
bd972a63-525e-4472-84b2-976b67c50bd9,50,292.7022987,25.5528441,bd03919d-ef52-446b-9f71-4fb122308df2,7916535b-3b1f-4a35-956d-7ff13c95f5a9, this is comment for performance test on perftest environment  we can see the comments later  for small files for second perf test1245
0f4040e8-fc3a-4403-8cb9-6612fa7f8271,185,163.9340522,134.4667663,eb18c625-5eca-427c-9dde-cb2004f542ad,d71a7543-42a5-42c0-8a47-97240f1e1287, this is comment for performance test on perftest environment  we can see the comments later  for small files for second perf test1246
5a02e55e-e2eb-410b-ba95-155e502bf0eb,193,20.38209443,133.0235309,34d1de5b-cc65-4de6-bb4e-a5c38457986f,d5a1bec1-9b5b-48c7-b054-377f27f1c5ad, this is comment for performance test on perftest environment  we can see the comments later  for small files for second perf test1247
17ac20d6-d576-4ae4-8f40-c9f5232e7790,31,159.2248857,95.25758103,6ff94adc-81d7-4e24-bf8e-a3435728d722,c404ec83-306f-47a8-b11e-e374bd497540, this is comment for performance test on perftest environment  we can see the comments later  for small files for second perf test1248
214bec3e-3d6e-4059-9757-a9566b95c603,47,41.33849368,83.21504236,812030fd-402c-4606-9e4b-a00e4c0fb4e3,42509bb9-5dd3-49bf-899c-8d1bf5ce8b22, this is comment for performance test on perftest environment  we can see the comments later  for small files for second perf test1249
1349dd89-2abc-4ae4-a89e-f8b9cbbec576,64,85.71083081,63.89068938,ec357970-2c10-4aab-aa11-23fdb53e8b6b,293a5f9a-271d-45ae-8f6b-46f874dd6d78, this is comment for performance test on perftest environment  we can see the comments later  for small files for second perf test1250
69b37ced-f40f-4571-9e9f-92bfa70a07da,73,115.3338697,288.0672199,341dad0f-0239-40f2-b3a6-12831d394bc6,b62d9927-ba55-42f3-9c7b-756251dea7bf, this is comment for performance test on perftest environment  we can see the comments later  for small files for second perf test1251
2d3df45e-bc9e-4552-840b-1dc995e87a95,106,56.51908899,53.39507586,a7a84881-779c-420b-9c0e-3eda5e16914e,e2a6c527-aca0-4b99-b866-96a59437fefe, this is comment for performance test on perftest environment  we can see the comments later  for small files for second perf test1252
078e1779-60e0-4c33-ac6f-0b3f1cf64a1a,33,98.0394901,5.965625315,75de1d53-47c8-4f5a-ad31-50f0ced027e4,19abd2b7-16a5-46ea-b1ce-88b7ba70ae85, this is comment for performance test on perftest environment  we can see the comments later  for small files for second perf test1253
2c8653aa-ee36-4971-9c72-c287fdebcf6a,152,483.7340645,217.6707673,17c0187e-3420-48d8-8d80-b7b590c7a20b,5c599dbd-8a52-4f9d-a2d2-fc3523afb0a4, this is comment for performance test on perftest environment  we can see the comments later  for small files for second perf test1254
d15b999c-b97c-4d2f-ad6b-ba866b74a849,138,483.7488755,119.0144613,dd71c514-2209-4581-a7bf-e88f16d52c5a,4da17e83-bc0c-4940-b5b6-7cb8cf94814e, this is comment for performance test on perftest environment  we can see the comments later  for small files for second perf test1255
9380a128-e443-46d1-aed4-7fe90a3d6e9c,170,274.9096129,23.60557851,1804e43a-2b64-4a4b-ac7e-4b21a48a95ae,da0ba804-febb-4af5-b18d-0ff8e1589af0, this is comment for performance test on perftest environment  we can see the comments later  for small files for second perf test1256
22a57412-3bbe-4d20-95b0-5089e4278af9,8,192.1139787,281.1681906,2fc22ffb-892d-41d6-9cbb-3b345d0505c8,dbdb40f6-567a-432a-a371-644564a01474, this is comment for performance test on perftest environment  we can see the comments later  for small files for second perf test1257
f17f7a33-0e1d-4101-864f-00f9f9ed4147,55,273.6451956,34.52700609,c95b909a-4fbe-4289-8325-db52d368e886,d777d2b4-84e5-4cd4-9424-2b88bc81c9a3, this is comment for performance test on perftest environment  we can see the comments later  for small files for second perf test1258
1cbf0c34-12de-4708-9a83-bbd8fdba7546,24,262.1109533,154.3482007,02060f8d-a4c4-43a2-9d14-8caa3cc336f2,ca38fa95-0a25-44ac-a62f-e27f54d46064, this is comment for performance test on perftest environment  we can see the comments later  for small files for second perf test1259
1df4de3d-70ba-4cb8-a4f2-32c66175c05c,150,71.06791184,175.1917042,770121e6-89f5-47c4-801d-beb3d14b9599,b0b0506e-c6a6-4651-b3de-6b4752c32c32, this is comment for performance test on perftest environment  we can see the comments later  for small files for second perf test1260
8cfbbce6-e81e-462c-9903-f5803688c952,161,180.3321711,210.5121647,6a52afe1-f415-4acb-ac18-087e5cfb4820,3a316efa-68f6-41d3-a8d0-e708e3a5deab, this is comment for performance test on perftest environment  we can see the comments later  for small files for second perf test1261
5fbced8f-bee5-4eb5-af4b-6476415acbaa,66,293.6102721,246.8468137,98944e52-a8c7-4c40-80cd-2b892c5731b1,bab17e76-f8c4-4fee-944f-accee452cd9b, this is comment for performance test on perftest environment  we can see the comments later  for small files for second perf test1262
2b5711fe-2f06-4212-8b0a-1fcd748cbba2,164,240.3964503,119.7893123,b51933c5-4dc2-4270-9647-91b7a225b2e5,8d90fc54-52a1-42ab-9866-c0f68fe63823, this is comment for performance test on perftest environment  we can see the comments later  for small files for second perf test1263
9b6bdfb8-45d3-4289-b0b0-8bd240d2d47e,124,147.8906107,52.59484063,ebc69ac7-2bfe-4b7a-9352-0d63a24a9717,80099e14-bfbc-49de-807d-2df2968f6aef, this is comment for performance test on perftest environment  we can see the comments later  for small files for second perf test1264
b96822bf-fb60-46f0-8c38-8a8f08ff11cf,192,59.38184719,295.8827347,2ea9fe2f-1363-408b-8fe6-0d14b548ce00,3031c26b-cef8-414e-93bc-e019521c6f04, this is comment for performance test on perftest environment  we can see the comments later  for small files for second perf test1265
bdfc2b64-c855-4a55-98cf-da0bc6fe49f1,71,200.4960315,84.89937662,93c34311-5d4b-4795-a594-6e52456c13d0,1ace6db4-3878-4895-a42c-50474837b623, this is comment for performance test on perftest environment  we can see the comments later  for small files for second perf test1266
2e309576-ee2b-4164-84ba-90b26147239a,107,392.7666355,184.1680359,fef10e12-04e4-417e-ac29-4e51c7d0fb5f,1e3aa580-fcd6-4fcb-9c59-05d7af86375d, this is comment for performance test on perftest environment  we can see the comments later  for small files for second perf test1267
df5caf57-344a-4137-9f78-03538b7b4bba,25,499.6808359,39.18876505,992e6eb9-48a7-433e-895c-e70e0f875753,f9513a3a-b181-445b-ab5b-dec54798940d, this is comment for performance test on perftest environment  we can see the comments later  for small files for second perf test1268
9f34c18f-bab2-417d-9089-12038138f53a,93,316.9020051,11.04879012,40652383-31d5-42cd-9898-9d8fbe64515e,1563d2c8-d42d-45f4-a807-fc25688e333e, this is comment for performance test on perftest environment  we can see the comments later  for small files for second perf test1269
ee2e71b5-2de0-4463-9b86-003b05d0b4a4,192,329.0094784,59.81626183,3ce1c636-1165-4e49-93ac-4848fc2ea458,56678c6f-ef3c-42ea-9ba1-accae0cd81f6, this is comment for performance test on perftest environment  we can see the comments later  for small files for second perf test1270
e5aa2a01-36f4-4335-ab11-200ed4140f89,69,336.4602997,197.487061,8171fe87-3b31-43bd-8039-410f48c9f56d,2110d13c-917e-44ed-8f35-90c858c0fbaa, this is comment for performance test on perftest environment  we can see the comments later  for small files for second perf test1271
e35ed2fe-2fb5-4c96-876d-94b75cacf3f3,154,77.31075952,270.849289,1051a4af-422f-4fc0-832b-fa727cbf04e1,b064d564-315d-4e4f-938e-3da90c2f3b73, this is comment for performance test on perftest environment  we can see the comments later  for small files for second perf test1272
71337aa7-1018-4d7c-bcaa-d010b4e7c918,42,320.9692795,59.09866265,0ed119e9-d653-4396-865e-2677f0b64245,11ce380b-55b2-4ea9-a4c2-c53a2f480150, this is comment for performance test on perftest environment  we can see the comments later  for small files for second perf test1273
a5a3e09c-5e34-4f51-8ed4-c2fbb081787a,113,333.4269656,7.079449659,3a23a28e-49f1-4799-b9fe-54375c6fed8c,38b254ae-32f8-49c9-b85a-00f2600aadd8, this is comment for performance test on perftest environment  we can see the comments later  for small files for second perf test1274
7a8bbc38-ff6b-4e52-aa82-67b0093cce9b,171,450.2556453,280.2368161,edbf39aa-feee-481f-b68a-584b2306f039,463f2534-661b-4189-b387-09602778e69b, this is comment for performance test on perftest environment  we can see the comments later  for small files for second perf test1275
d5f99559-f896-470b-bbda-d7fb2056a5f8,200,372.5320458,167.1251649,e9f4e43a-9bf6-4e52-b259-73381665043d,b62e17a8-e793-4714-ac16-a2c5b1db72dd, this is comment for performance test on perftest environment  we can see the comments later  for small files for second perf test1276
56b4d12a-10e0-48ca-a9ee-f5fd943c4bf4,159,22.61881995,272.0965143,b06b4833-550b-44a1-acb4-140b36284f2d,2f7a6749-32b7-4d8a-b783-8114625a3bd8, this is comment for performance test on perftest environment  we can see the comments later  for small files for second perf test1277
6294139f-39de-481d-81fc-34a7c66a2158,79,408.5892372,276.4574288,d0ab2054-13fa-4d21-8aaf-4e02f3d08022,3ee11dd6-eac9-4629-a264-587e90f92600, this is comment for performance test on perftest environment  we can see the comments later  for small files for second perf test1278
a04faaa8-ae10-40f4-aa55-5b6049cb68d4,72,44.51502918,193.6292178,6689d0c6-4a27-41c5-8b0f-297f13be33ff,8edfeb1b-211f-4df9-a580-5d974bbb6320, this is comment for performance test on perftest environment  we can see the comments later  for small files for second perf test1279
a9776804-7d07-484a-b43e-882ef3f1037b,174,396.0893926,53.59732898,1402b7e6-34ed-4c46-bc93-464a8849630a,50cf09d4-0d4c-4a78-aedd-32b8c5bbb351, this is comment for performance test on perftest environment  we can see the comments later  for small files for second perf test1280
f7d1992a-325f-4e41-bcf9-dce973e62e0e,7,117.5636371,69.0999597,3e46836a-ed20-419d-8a6f-1aa9663205b9,e64d48fb-f974-43b6-8095-c3bcf6f4e4b0, this is comment for performance test on perftest environment  we can see the comments later  for small files for second perf test1281
775a970e-8bef-4f2d-ac32-b3420c88de7c,59,285.7651187,236.6540823,6eaa3382-a035-4655-93e9-69928c54c36f,609abd75-0d78-4d58-bbb4-608238556fa8, this is comment for performance test on perftest environment  we can see the comments later  for small files for second perf test1282
9d1f2379-4b89-4b03-9ef8-b5f1a27d26cc,145,182.3455407,44.1463986,50d4afb3-0dc4-4677-8773-182cac708940,159263bc-734a-46d3-b0a6-31bb25a41a7c, this is comment for performance test on perftest environment  we can see the comments later  for small files for second perf test1283
2cea5e7d-4905-40a8-bdcc-3865072ef52d,170,71.65568926,182.9002729,8dcc7d4e-d678-4aa0-871a-dbd6ace190a6,d697101d-ea25-4e94-8e53-317a61d84ed7, this is comment for performance test on perftest environment  we can see the comments later  for small files for second perf test1284
829b3ccb-7b6c-4446-92a0-8c3353cd13fd,195,481.7334356,251.4728645,f67b5bbd-218e-45e5-b083-84f5ccb8570f,3133f332-40f9-4c0e-8eb4-060c0a4a314e, this is comment for performance test on perftest environment  we can see the comments later  for small files for second perf test1285
8d5afe05-fcdc-4814-95ce-afd1f07eabb3,23,19.78670189,223.3844445,f3404d31-4146-49ff-8bb4-e1579c9a8e9e,3ca96a7a-0866-4b2a-80ee-70c135020b92, this is comment for performance test on perftest environment  we can see the comments later  for small files for second perf test1286
314079d9-3bfe-4974-b793-277c65cdff89,64,5.803092483,52.65657492,9a6c2db5-8afc-453c-9b23-10b0deb6f0ce,72978a2f-06e6-4649-8f2a-8dd51970f0a8, this is comment for performance test on perftest environment  we can see the comments later  for small files for second perf test1287
6e34d64c-a797-4e1e-ab3e-b79d16ee43c3,170,286.8454226,123.8909376,a12275a5-b834-4c3a-bc4c-fd3218cedc6e,05862108-cdfd-420a-a9ec-206aa447e12b, this is comment for performance test on perftest environment  we can see the comments later  for small files for second perf test1288
1aeb83a7-e1c8-4a3f-a150-fccc3f12015d,35,160.5858871,180.3448003,5bb28914-65eb-4fae-a8e6-99e29668eca4,64cc7be8-0391-4f39-b7a2-4c4fb38a9ca7, this is comment for performance test on perftest environment  we can see the comments later  for small files for second perf test1289
6a426284-0489-4649-b159-76b228ed9351,45,326.5354205,298.1653425,359811b7-a8d2-4009-a8c1-3f1f6298e42b,431dc0ad-3ef7-47af-96b8-7701faefcf22, this is comment for performance test on perftest environment  we can see the comments later  for small files for second perf test1290
171f30bf-da03-4142-a66b-5fb4a632cd9a,107,222.3371886,48.32945125,30a61d01-916b-4414-ac6f-d98b3b779069,564195f7-86fe-4a14-a446-10c6657229d8, this is comment for performance test on perftest environment  we can see the comments later  for small files for second perf test1291
dbb6493c-d20a-4c42-9e7d-2539e85e3b8b,114,233.6762936,178.587377,085bc9ae-6748-4d71-b41a-a00801967afb,fdf4dab5-acbd-45bb-8b1c-8b74ba18cc5e, this is comment for performance test on perftest environment  we can see the comments later  for small files for second perf test1292
4d2c459d-151e-4c26-881a-9f02189da86e,95,454.3503177,150.1119166,94df5ca0-04b9-456c-a6c7-67a89b61076f,301da0a3-6498-4b55-9120-db73bf77b866, this is comment for performance test on perftest environment  we can see the comments later  for small files for second perf test1293
07b8ca80-99ae-4115-8111-65b65c2657c6,37,394.4083134,1.808584878,5e21879d-ce41-45b7-8202-8fc4736dc147,c633d3dc-788f-4be0-9c19-bdf26e5316ba, this is comment for performance test on perftest environment  we can see the comments later  for small files for second perf test1294
90af44e2-b2a9-40d0-9283-fdfcb8b5dc01,104,254.8180232,130.6893974,340fa5d9-acfd-4406-bc9d-47d0fa6e3690,e8aa72eb-755f-4970-94ee-d3fc3688d1cd, this is comment for performance test on perftest environment  we can see the comments later  for small files for second perf test1295
08bfd2b3-5bbc-4149-8e4a-d30abf364c39,164,233.8374703,104.7610919,10ecc51c-d42f-44d1-abcc-ff8160f9617f,7ce2d7b5-37a6-4eec-bafb-172bfec604c5, this is comment for performance test on perftest environment  we can see the comments later  for small files for second perf test1296
2d24d4e6-dc14-4214-812b-a54ed03f74b4,174,200.4461004,144.0418499,4dbf0f30-2f61-4aeb-b40b-144aed23913a,396714fb-75b1-4d3c-a6ca-98039a61fed5, this is comment for performance test on perftest environment  we can see the comments later  for small files for second perf test1297
9a28a470-9b53-4489-a2fe-1b6ae2b2b71a,83,179.8204535,181.4281763,2a433e1a-1bf2-4335-93a7-f10268500a8a,56537d86-a8ef-4956-b7d8-f31d2eb2310f, this is comment for performance test on perftest environment  we can see the comments later  for small files for second perf test1298
c4a889b9-2cc7-4664-a8bc-1291e19d9c5d,136,453.5070723,179.3746377,c600e49f-0ad2-47f9-bdd4-461ff446f087,a5efa5ef-5b81-4588-b1d8-6060675849be, this is comment for performance test on perftest environment  we can see the comments later  for small files for second perf test1299
df2ec3ad-9b85-4f80-92df-9e99477559b8,113,478.9858022,268.4536723,b9250ed4-6b98-4b21-9d50-ffad95c6bdbc,d288f66a-d83e-4748-ad90-54eebeeb26cf, this is comment for performance test on perftest environment  we can see the comments later  for small files for second perf test1300
500b4b0a-330d-4305-ba41-62c1a72335f1,55,210.274526,33.33820013,2118f5c1-da54-46d3-9e6b-2476c9d2e27a,7e7fb2c2-0cd5-4dd6-98aa-840d0f6cf0e2, this is comment for performance test on perftest environment  we can see the comments later  for small files for second perf test1301
f5313716-704e-466f-a68e-c790689000da,125,205.0995566,242.7224872,21b01bb0-a6aa-4086-9259-65f277a6b02a,b21e6d3c-37a5-447e-93f4-1c43be88d394, this is comment for performance test on perftest environment  we can see the comments later  for small files for second perf test1302
0b84b8f0-1593-4c0a-a463-31ad67436420,64,210.2269629,180.5265929,c2d66381-dd4c-4e97-818e-4006f551a61b,416f701d-d9c4-484b-9de7-07d182c0572a, this is comment for performance test on perftest environment  we can see the comments later  for small files for second perf test1303
b8623636-542b-402f-a476-0f8ff684a64e,94,23.03011518,125.2000529,0675427c-654e-4dee-926a-67c02cb58956,ad06b46a-fab5-48e6-a76d-fdd71f86adee, this is comment for performance test on perftest environment  we can see the comments later  for small files for second perf test1304
a3e8b112-2579-4102-86bc-fd23920eaeb4,63,470.415519,159.4381981,5b6aa482-e38e-4078-9b37-0f2469958cee,fdf34c27-ec42-43a7-9b16-f9dfc5922dbe, this is comment for performance test on perftest environment  we can see the comments later  for small files for second perf test1305
906e4497-52ca-4afa-b622-7a6b03a18012,120,307.3050159,30.36644234,7a860d2a-33a0-4905-bb90-c212509563ec,38c4b812-5507-46d5-9e90-fa8fa2cf125b, this is comment for performance test on perftest environment  we can see the comments later  for small files for second perf test1306
1995a3ff-d15b-4127-8037-21e8987cefde,80,303.755941,81.2136866,38fe467b-3fa0-4b1a-98b5-69f9cb214d69,b3260e43-02a3-4114-9440-8abc4a6a12bc, this is comment for performance test on perftest environment  we can see the comments later  for small files for second perf test1307
b905aa39-6451-430c-add9-32eb62ff3026,145,441.9764366,31.37752702,3d3158da-6a02-4914-968b-5b6ef98a53d9,cfe9952e-ef64-4bbd-a07a-db1c23d57197, this is comment for performance test on perftest environment  we can see the comments later  for small files for second perf test1308
d9ba9d71-e4f5-4a7b-bf12-a18eab90ee4a,131,167.9673288,20.86006959,e33352ae-74de-47e5-88c4-66830c8006da,25deacec-ae67-4b4b-ab9b-32f2bb31b4eb, this is comment for performance test on perftest environment  we can see the comments later  for small files for second perf test1309
0cf30333-6aea-40d6-a5a1-ea3e68746b59,26,138.5542639,68.54806509,00c8cec5-f07d-42cb-abb3-44ad898eb87b,9af40598-1277-4939-8a7b-57f7d5b61d7a, this is comment for performance test on perftest environment  we can see the comments later  for small files for second perf test1310
5b616c7f-1c6e-4c35-b1db-661019fcdf41,161,341.1165653,278.8995308,b178170b-a1d8-4bcb-af17-686671af03a3,9b40a0e0-63c7-4a15-b2cf-afd01513c263, this is comment for performance test on perftest environment  we can see the comments later  for small files for second perf test1311
3bfb83f7-7a1f-4ea3-aae4-1d8bb978f572,41,327.3957718,117.8612074,eb94c4d5-87fd-4cdc-bfbb-a58462a01789,c883990f-29de-4008-af59-304644198235, this is comment for performance test on perftest environment  we can see the comments later  for small files for second perf test1312
cfc8f1b0-261e-4fbd-8283-ad46c901b0c7,183,346.3492568,70.58456846,e17283f7-805e-444c-a7d0-4c22e27b5447,589ff09f-d616-4204-b15d-8f2e2e967f4b, this is comment for performance test on perftest environment  we can see the comments later  for small files for second perf test1313
cfd202bb-2020-4dde-8a31-907db9975228,156,492.3649754,201.0078306,329b3605-1af2-4e1a-8232-92c50af390a9,f4eda2f8-a1a4-4eb8-8af7-ba77766688ee, this is comment for performance test on perftest environment  we can see the comments later  for small files for second perf test1314
f34e4c44-6b85-443a-b0da-790fbf0761cf,195,241.9481706,201.6958804,eb655d70-f310-4436-bb5a-89935ff5e567,68d2cc9c-0059-4490-a5d3-2f6375d9324d, this is comment for performance test on perftest environment  we can see the comments later  for small files for second perf test1315
bc282088-ab54-470c-ae11-5d1b9a6b7665,99,201.9389289,217.0535525,f96a612f-e5d1-4429-993c-70af58d93d12,b08328e8-7bc5-461d-a77e-e815d269ad29, this is comment for performance test on perftest environment  we can see the comments later  for small files for second perf test1316
b01d78bd-4482-4118-b8ea-a08c9f23ef43,197,41.3448012,117.7481999,044ee84a-99a7-4fe6-a591-a1d8d673ef1b,25c71bd9-42cb-47a0-9dff-72f6ecced0ca, this is comment for performance test on perftest environment  we can see the comments later  for small files for second perf test1317
38d58905-c7af-4ab0-b6b9-788bf47f8f92,131,226.3227948,155.3886481,758b2e6b-f9ce-4c15-b84b-10cad7dcc782,7a1ab5de-73f8-45e2-807d-265e9f67d9a2, this is comment for performance test on perftest environment  we can see the comments later  for small files for second perf test1318
687d3d79-2234-44a8-9c0e-27788939fb7f,149,342.5467859,136.9961182,4fa738fc-1b89-4733-953a-9fd1718fa8b2,d3441634-2342-4fc1-8714-7d3742f962f6, this is comment for performance test on perftest environment  we can see the comments later  for small files for second perf test1319
b282f9af-a83d-4498-b2b1-654843aeaac8,52,39.56154574,121.3670596,6a782ba1-f1aa-43ff-96f4-fa9aa35c621c,97f94cca-7147-4dff-a20f-10165baa3422, this is comment for performance test on perftest environment  we can see the comments later  for small files for second perf test1320
92b4a4eb-3a32-4c41-b935-cc6411d3923c,155,87.49435638,118.3434875,410269a4-6f1d-4f22-b6b4-aed588c1c0a3,590b1629-5072-43e0-a294-85748c317544, this is comment for performance test on perftest environment  we can see the comments later  for small files for second perf test1321
933de2ee-a0d0-4cbe-8554-7a9b4ca3abd9,109,169.0595843,220.278361,9339f0c7-d725-49a1-95b6-7f61d68dd054,e8ebe5df-4052-4119-9d21-b9a244842b2e, this is comment for performance test on perftest environment  we can see the comments later  for small files for second perf test1322
8c7173d6-9e59-4cf5-8ce5-2e966b91e064,66,372.426066,221.0656327,81abb207-3478-4da7-b530-a3e9cdc5f86b,b7e311c8-ee9b-4b80-9c79-5872b23042a6, this is comment for performance test on perftest environment  we can see the comments later  for small files for second perf test1323
e3a1bbee-fa86-405c-bb83-c0ba7b576b53,108,339.2353651,166.3761666,8d80bc86-0482-47a4-9848-e6880b34e72d,18a404d0-9b4d-461a-9897-b86f9ebc6e87, this is comment for performance test on perftest environment  we can see the comments later  for small files for second perf test1324
6bf5e5b5-0506-4a30-8569-93c9c11d287c,27,422.1538192,233.6648048,2554ff1d-ff44-4a58-b026-f4254c37245d,c52c09b0-e96e-4dab-8e59-27f99613be29, this is comment for performance test on perftest environment  we can see the comments later  for small files for second perf test1325
ba082474-1e0c-4d35-a24c-d389e5a3f4e4,35,439.0784108,165.0259984,6741b3ac-2e4e-4b2f-be4a-9403ca071386,33231d14-fb05-4dc7-99da-62e56b3bc044, this is comment for performance test on perftest environment  we can see the comments later  for small files for second perf test1326
e1d3f0d4-fe0f-4ff6-97fe-fe818bd56643,45,279.3969538,210.2707805,d27215c1-4120-4dbb-8280-30d5097af8fb,dcaddfd4-a977-4a8f-9d6e-7a65d5b480e3, this is comment for performance test on perftest environment  we can see the comments later  for small files for second perf test1327
9869aeaa-3fdd-4cc3-8bfb-666661a7deae,109,138.9104347,175.1159806,d1590e6c-4133-4bf3-879e-7a1156523649,a66594a7-9c62-49c6-9726-a32b55265cbd, this is comment for performance test on perftest environment  we can see the comments later  for small files for second perf test1328
b65288c1-2c95-4300-8643-917d604fc8e9,47,148.6173831,232.4059879,a31465dd-7905-4d61-915b-660b0c7b6a47,2cc13498-77fa-404d-9956-2ebdd3a125a3, this is comment for performance test on perftest environment  we can see the comments later  for small files for second perf test1329
f62dffc9-d65f-4fc4-b06e-975c6371ed85,175,64.38683263,52.23708517,3acef913-3ce5-4c0f-99bb-a35b616c3382,469bd0c0-1734-4f11-90a4-c97e62d733db, this is comment for performance test on perftest environment  we can see the comments later  for small files for second perf test1330
e5a4c65b-b3e0-451d-9dce-b757413d137f,90,149.1837297,115.8587544,8b450b25-8315-4cd0-a76b-c9f2d9f11c34,73e5866a-792b-4954-bbcc-dd89ce67bac0, this is comment for performance test on perftest environment  we can see the comments later  for small files for second perf test1331
77fda585-83c4-4eb1-ab09-f75243ae0784,134,466.3560159,71.39221086,93643438-84fa-4765-99eb-27322bcdd9f4,f0cf6a42-7686-4ef2-bd98-f791da01e990, this is comment for performance test on perftest environment  we can see the comments later  for small files for second perf test1332
d017d325-9d19-4561-b44b-20813c862fb7,80,350.6598593,112.6092295,f81d4f04-5987-466e-9229-eebede9c9456,994470e5-c907-428d-9830-1d7930cc9fdc, this is comment for performance test on perftest environment  we can see the comments later  for small files for second perf test1333
f6613335-4b39-4385-b7b3-55d4caa68fd2,128,175.2013422,290.8028001,d8af4102-e457-46fb-a456-b16599251fe3,4d42f71b-59f1-4242-b3da-28deae4312c0, this is comment for performance test on perftest environment  we can see the comments later  for small files for second perf test1334
9f340e4c-d081-4391-a26f-1336570f3816,38,282.4883757,298.5559468,37b4cb62-2460-4a09-951e-635d198d1826,327ea101-44e9-4ce6-b19f-56d693ff18fd, this is comment for performance test on perftest environment  we can see the comments later  for small files for second perf test1335
ae3a33c7-468a-4d47-8a08-738dfacf9006,188,5.246187715,269.4784026,5ab2e84a-f41c-446e-877c-3787f5f4fb1b,a8e7249b-2b6d-44b3-ad4a-da51d75dc526, this is comment for performance test on perftest environment  we can see the comments later  for small files for second perf test1336
10742198-dfd4-482a-9168-1a9efa8ef2de,91,178.6859527,23.08245336,e190b983-8cb8-4ed0-a9f8-2b9e7f8aace9,162483b9-5509-457e-889a-a75785928859, this is comment for performance test on perftest environment  we can see the comments later  for small files for second perf test1337
27cefdbc-032d-4386-a527-859021e5951d,27,347.1610355,253.3915583,55551703-f372-4642-83de-52e568181980,81ca8ecb-c83f-437e-986d-694a11689313, this is comment for performance test on perftest environment  we can see the comments later  for small files for second perf test1338
9299695a-554f-4627-8545-a7a92f66d4db,13,356.1846031,186.7330705,303385dc-04a8-4bea-9516-66549ac284b1,accdde1c-922d-44ca-af9a-ad97c250502d, this is comment for performance test on perftest environment  we can see the comments later  for small files for second perf test1339
e0bfc393-f177-46a2-b5df-a5a99748ee39,12,208.4696902,175.2133255,3a1795a8-309e-4118-b4b1-3a559c210104,d46a1954-9f6e-424b-bbf7-479543acbb3f, this is comment for performance test on perftest environment  we can see the comments later  for small files for second perf test1340
40f2d45d-210d-46bb-be8e-86330ca40caa,8,52.38086451,170.4454908,0a9ba9f7-7d39-4d1c-89d7-2a66fae5d035,e451d3f7-b625-495e-9b98-e623a4c564df, this is comment for performance test on perftest environment  we can see the comments later  for small files for second perf test1341
970ddcd5-52c3-4af6-8ca6-41d02a1267cd,197,399.5398393,236.5313294,19c67932-04b2-4acf-9278-6929c9411450,88ebdd98-1cfc-4fad-95b6-31dd138e5d74, this is comment for performance test on perftest environment  we can see the comments later  for small files for second perf test1342
3e837aa7-0449-4528-896a-0eb2e4a1392d,155,5.967987505,102.490654,61b857f2-cef8-4d1c-9c7d-1a93ccded7f8,e24c49f8-7767-40d0-a526-ebdc3f9342da, this is comment for performance test on perftest environment  we can see the comments later  for small files for second perf test1343
46664f67-5dfe-421a-9059-8ef7713786d2,51,216.1314156,289.272997,5896503f-dd48-4038-b9df-b76e0622bc77,bccbbc8c-3297-43db-8b70-18660236bf9b, this is comment for performance test on perftest environment  we can see the comments later  for small files for second perf test1344
da032203-609c-49a7-a32a-319a620dc368,54,446.3386241,207.6332922,4a100bd4-96e4-4b01-871f-89fafd616f26,b500e592-8066-4796-a6b2-cfcbd8afed4a, this is comment for performance test on perftest environment  we can see the comments later  for small files for second perf test1345
e8357786-3d05-4310-ab02-508de062f894,145,101.8721522,73.73477901,aca74509-ceec-44fb-a7b7-a6f0d05eeaf4,14d96ea4-2307-418d-aa4b-0eaae08d8b53, this is comment for performance test on perftest environment  we can see the comments later  for small files for second perf test1346
57d9b5d5-bdd1-47a6-82b5-c4e903247520,112,125.3072518,53.74895982,3800bb75-2418-4b8f-889e-e2d736a2d8a7,eb88b149-93f5-4495-98f5-d3bdd1de182f, this is comment for performance test on perftest environment  we can see the comments later  for small files for second perf test1347
0e214cec-c0ab-4aea-a6c0-f96147471920,4,233.0767824,187.2786503,c15388df-12c0-4653-9e91-28ddd88ad175,3e5d0d96-eb84-47b7-810c-ad53d7baa619, this is comment for performance test on perftest environment  we can see the comments later  for small files for second perf test1348
e6aa2f9d-92c8-45b2-97d2-57ec9a588ee9,175,143.6017234,112.4774463,941b94b2-7720-42e2-8635-a6fb5839889a,0649a0d9-23b3-423f-a5c5-b96b8b9a1bda, this is comment for performance test on perftest environment  we can see the comments later  for small files for second perf test1349
4b19964f-e539-4ffa-90db-78abf8ca711d,119,313.2075602,122.568805,ecd89b5f-19c5-4b1e-9fa8-2f6bfc413912,eaebf456-d9ac-4d77-b8e2-5e37c4cd7e65, this is comment for performance test on perftest environment  we can see the comments later  for small files for second perf test1350
019394fe-2ed0-4d63-9b6f-7e7379d17427,51,179.9373578,277.281967,e83c8aa3-7134-4f99-82d8-227cc64cab81,b492b19f-b157-4fa5-aac7-f7d5bd59ec1d, this is comment for performance test on perftest environment  we can see the comments later  for small files for second perf test1351
dd7afd67-c726-4dac-836b-d4783f9e9d13,32,490.0079565,263.4135522,0c160dc6-4222-4206-815f-9c697bc9c921,a19666a3-b6ef-46d6-848d-de6ca5b35457, this is comment for performance test on perftest environment  we can see the comments later  for small files for second perf test1352
24bf0185-80b5-42e1-b744-ae3530e40d61,185,57.37747687,280.9050391,d8ecd451-1fd7-4af7-8588-5392a2c35d05,5b45eebe-80e2-499d-827f-19250f974136, this is comment for performance test on perftest environment  we can see the comments later  for small files for second perf test1353
10bd69e0-7c45-4be9-b9a4-aca86086235c,103,70.88617262,135.1441744,8544d731-da5a-49ba-bbd1-f727488292a6,f2c26d95-fa87-43ae-a0a2-57ece3b53e99, this is comment for performance test on perftest environment  we can see the comments later  for small files for second perf test1354
180b7d78-2ccf-4376-977e-6c037dd2d756,9,388.4036593,297.6154673,6f9197ac-49c1-4b3b-bba9-82760be3a030,56fb7121-007c-4d2c-8331-8c4868edf36c, this is comment for performance test on perftest environment  we can see the comments later  for small files for second perf test1355
562e51b5-68a3-4e50-b548-8d6764e16307,143,53.37450076,164.3584727,89605a65-5ea0-48ef-ba54-651fe1e4b433,94017644-7d2a-48c0-b4dd-f072ef09998d, this is comment for performance test on perftest environment  we can see the comments later  for small files for second perf test1356
478a51f8-13a6-45fb-a0ca-8f3801045f0a,101,233.4035896,78.33721998,76ab364c-8fb4-4414-abbb-0534c68de55d,21aa3f11-abb1-4760-9b06-52c1ac26f16e, this is comment for performance test on perftest environment  we can see the comments later  for small files for second perf test1357
e961f0f6-441a-4e09-87b7-ca77641ba64c,147,60.27679135,88.20016021,430aef74-1142-49a9-b2ce-e67bf4df9799,7aec9939-13b1-45c8-8cec-960a70ed0aa1, this is comment for performance test on perftest environment  we can see the comments later  for small files for second perf test1358
64b362a7-89ad-43f7-8db5-c8fe0d9181b3,183,217.3114124,199.814723,305758c6-d25b-486a-9a1e-c94ab47ca82e,f36d1f24-34cb-46f5-9561-c7c24ced0d60, this is comment for performance test on perftest environment  we can see the comments later  for small files for second perf test1359
90a6a366-c9f3-4d78-a6a5-86ef10efea67,126,62.20928643,108.6170743,f1253ea0-9c1a-4010-87d9-304541c4eec6,cdc1ea07-aef7-473c-9cd7-ef82d2a3a1e9, this is comment for performance test on perftest environment  we can see the comments later  for small files for second perf test1360
67ee9674-26c7-4884-886f-b54460428478,61,454.5177399,215.0374353,bb9f0d76-535d-45c2-a255-60a7c0834400,7412c200-e25d-4e08-9df1-84735e82662f, this is comment for performance test on perftest environment  we can see the comments later  for small files for second perf test1361
482a563c-25f6-47f8-ac3a-2f39005587c7,183,233.3459374,193.7833047,486feae2-1378-4252-aff6-eee3be5723f7,2f3bf1fc-15bc-491f-9c6b-c35647815611, this is comment for performance test on perftest environment  we can see the comments later  for small files for second perf test1362
744d316b-8a0f-478e-96fe-3ef3a906debf,16,284.954501,0.417688904,5444b2fd-9dc3-4135-a9c0-386e898d4070,083de3a9-009a-4378-9126-d8094ec0502b, this is comment for performance test on perftest environment  we can see the comments later  for small files for second perf test1363
8498cb95-17ef-427b-9d28-eb0d249c7157,122,454.9436226,282.6894953,5b1ece07-0c15-4027-b51c-399f6866369d,5da096f1-bc11-4fc2-925b-c0f84a3aca11, this is comment for performance test on perftest environment  we can see the comments later  for small files for second perf test1364
6a412d18-f27c-4c8a-8f13-3cdfc16cdbf1,31,474.9424281,136.4524406,26161bf8-29d0-4d7e-9de0-3a6b934e9603,ae3ae507-fcfe-45e0-a6f9-061ac838f7d6, this is comment for performance test on perftest environment  we can see the comments later  for small files for second perf test1365
9c7501b8-e098-49d3-aa8e-788d25d80716,144,102.2266946,234.4687831,5881534b-1c64-4900-9ec9-383b72cbd29f,b828af12-e15c-469e-bab0-9be53eada668, this is comment for performance test on perftest environment  we can see the comments later  for small files for second perf test1366
14e766ba-fbf4-484a-a423-4c0a624b7fb6,26,458.8912795,140.1253345,be7d12ec-f68d-45be-9aed-388886769b08,7142499e-7b0c-4e74-b9b8-e760fd539f95, this is comment for performance test on perftest environment  we can see the comments later  for small files for second perf test1367
76d5f385-b766-458d-aeb2-36ea2ed8e756,181,405.9740205,230.0638564,52c492c9-801c-45a4-9961-46eaed6cbe70,77ee090a-64d1-4e10-810c-7d08cc4fc63a, this is comment for performance test on perftest environment  we can see the comments later  for small files for second perf test1368
7852a020-9c06-45ce-a02c-a61f2b46ff0e,168,314.6289734,248.0072679,fba66a06-407c-492f-977f-0bc647bbf24d,41a26db4-faf7-4432-a386-640d58d7119c, this is comment for performance test on perftest environment  we can see the comments later  for small files for second perf test1369
a5480488-cb08-43a6-bb16-e3a260f9c89b,93,414.1317229,268.146795,66330ae6-4d27-4181-a5ff-5132122fb691,2d23a938-dbca-434f-b5f3-ffa6dc30c7f4, this is comment for performance test on perftest environment  we can see the comments later  for small files for second perf test1370
2e867088-a400-4caf-8d77-271fe3bac4b7,84,171.8056663,14.34084898,6f635f6f-efa5-470c-8355-d5680d7596de,f21048d2-7610-4677-9803-47aca84e1e9c, this is comment for performance test on perftest environment  we can see the comments later  for small files for second perf test1371
e4d1da45-af58-4d1e-87f5-38fcadfd070e,134,20.36616356,1.632333639,3159f4e3-b2e0-41f7-8453-3ff067168208,35a6f943-fec9-4164-bcac-4cbc4e9cf8cf, this is comment for performance test on perftest environment  we can see the comments later  for small files for second perf test1372
10f43d53-7b1c-4564-b13d-51837018d813,28,243.7112812,25.35798845,5bb96e9f-2507-491e-ae0c-e6e513c7c5b2,77e0fb69-3b35-4189-9c9c-762c43f0a95b, this is comment for performance test on perftest environment  we can see the comments later  for small files for second perf test1373
1a606dd7-8d7a-4e60-ad26-2752b6b7b646,186,16.0061312,226.5959108,b503d6df-e8d7-424d-9376-2cd0240e3086,33c79d1b-0754-49fe-82eb-c997f8a6ead3, this is comment for performance test on perftest environment  we can see the comments later  for small files for second perf test1374
6227bc5a-8cd4-4f76-9be1-750b489cc6fc,123,265.6355673,3.255221535,d4892891-e8da-41fc-aa91-fd5d7be9520f,997497be-244e-40cd-8b80-808cf7ff4b55, this is comment for performance test on perftest environment  we can see the comments later  for small files for second perf test1375
a3921f48-2015-4609-8f10-00572fd5b75b,190,335.5700667,216.9000411,90eba740-800a-42dc-b767-b694443e5ff4,aa9bf275-1dc0-4df4-a419-62664b79c4c9, this is comment for performance test on perftest environment  we can see the comments later  for small files for second perf test1376
fb6b7962-31b4-476d-a777-fadd575e95cc,37,83.70194469,95.77444645,1d78a387-5caf-4ddc-a4dd-a2054526d00d,e83fa5ae-23ae-4b8d-8bf8-1747ad9d14eb, this is comment for performance test on perftest environment  we can see the comments later  for small files for second perf test1377
05291fc9-6ec9-4e98-a998-45a99737be2b,7,241.2411047,289.3893178,bd0426c8-a90e-466f-8992-481a422b85d6,910f0b28-a5f7-481a-a923-7e0c7a6c6b6a, this is comment for performance test on perftest environment  we can see the comments later  for small files for second perf test1378
5193094f-7ef0-49ad-a602-e09d840c20e2,161,6.470466782,261.9069726,52cca1d8-3dc8-4715-81b8-d0f5722ee3ad,2c307f9b-6f98-4091-b623-f842a7453e8d, this is comment for performance test on perftest environment  we can see the comments later  for small files for second perf test1379
f6034b60-862c-4bd3-9d19-6842262e859e,89,351.3833849,194.2417803,890f9383-a00e-4e96-94d3-74c3b215d62b,51eca278-9ff5-4419-bdaa-33ac00d2f5fe, this is comment for performance test on perftest environment  we can see the comments later  for small files for second perf test1380
13005acb-b4db-4420-8097-c8ad52f6ba79,86,245.5205382,214.11783,31be14e7-0c5f-4cf2-8e1c-b434d6c1f228,4cfd3ab2-b317-4269-9c4f-76cc9e618f4b, this is comment for performance test on perftest environment  we can see the comments later  for small files for second perf test1381
822896d7-4c34-4d2a-831a-a5fe26af6866,171,96.57036539,50.12924331,ba7273c5-750e-4d82-9f80-69d9a6f67694,3d25588c-f983-49bb-ab25-fcf295fbb62a, this is comment for performance test on perftest environment  we can see the comments later  for small files for second perf test1382
c71e4e80-2ffb-4827-a910-1c99552fdc47,91,292.1146486,82.49948758,4d8e8e13-ab33-4ad4-acdc-4071e82e37ee,af97b649-d0b4-4bbe-bd38-365011a7d7b4, this is comment for performance test on perftest environment  we can see the comments later  for small files for second perf test1383
bb3af176-21b8-4f2e-930e-84eab6de7be5,163,153.6387353,145.4733087,e2340ef6-37d6-44cc-a960-830696ae7554,1177164a-dee6-465e-b5dd-2951f56419c7, this is comment for performance test on perftest environment  we can see the comments later  for small files for second perf test1384
8c8a704c-5b7f-4d23-8213-a84f013a8ed5,67,14.7758073,197.7960122,01e52199-dba8-47ec-a001-baa52db2dce0,bbe4f179-b4a6-41a2-9452-63016fd7e9db, this is comment for performance test on perftest environment  we can see the comments later  for small files for second perf test1385
97aac1af-b3f6-4d0b-82b4-b9ad4e92caab,32,394.9473051,105.5790201,0240429f-68bd-4e52-a607-892bec70cd6d,8b25afe2-76db-4ce6-9343-44d7bd31d539, this is comment for performance test on perftest environment  we can see the comments later  for small files for second perf test1386
9dac7458-04c0-4ac7-82d7-b8c61b6a7563,146,0.481892589,146.2395398,13b3ead7-63b5-4e75-aea8-c32ec643dfe5,9016ee02-cd44-4c3c-9347-c62935b92e67, this is comment for performance test on perftest environment  we can see the comments later  for small files for second perf test1387
c6c7c834-d3fa-4f42-a422-10035d159fb4,116,213.20332,195.1406355,47ff97fe-14d2-4cf0-b25c-2ea5dacbad5d,8c3e9741-4434-4d16-9378-ffc54f0b4f59, this is comment for performance test on perftest environment  we can see the comments later  for small files for second perf test1388
06908c05-41cf-472e-89ac-611de8424b79,189,481.9305357,29.12262332,38c741a1-db14-4688-a8ac-b30673be3810,92bcba25-42ce-4b9d-a86e-32fb9df68b53, this is comment for performance test on perftest environment  we can see the comments later  for small files for second perf test1389
09b9a899-3974-4e0c-a5c9-a4ca0bdacac4,167,269.7509631,189.9614403,6a14e933-5a35-48a7-8ab0-6d9e9e75c738,d88fa5a9-f081-4815-b5d8-a852e70a0d32, this is comment for performance test on perftest environment  we can see the comments later  for small files for second perf test1390
0e339977-1698-482e-8dd2-e7e351579c1d,89,400.1320084,40.0665192,e8e060fc-3789-47b4-ac90-89aea46f26ff,24372f23-77e2-473b-9df7-beddd81041c5, this is comment for performance test on perftest environment  we can see the comments later  for small files for second perf test1391
b0689d84-803e-4b99-a53e-1041fd2310dd,95,129.8682209,78.19244489,c6b63176-6c95-4a84-b1f4-4f5f09267740,8315060f-45c0-4f2e-918a-4d1d0a5d373e, this is comment for performance test on perftest environment  we can see the comments later  for small files for second perf test1392
7d82f295-25fc-478b-9ca9-d8f9569e76e8,155,199.059861,180.6736871,250e5ab2-2e28-484b-bb33-6b9519a4297a,305cfab0-45cf-4469-aea4-8c05574ceee2, this is comment for performance test on perftest environment  we can see the comments later  for small files for second perf test1393
2c64bc0a-ea45-48d9-80d6-d6ad29e255fb,23,217.0955667,246.5162524,f1134211-3b5e-48d9-a0de-d632de02bdeb,e6e05f06-3721-4118-a254-8137c316041c, this is comment for performance test on perftest environment  we can see the comments later  for small files for second perf test1394
fa24af65-51db-4948-983d-c43ef2302c15,118,64.27930492,124.8718616,74a42190-2954-4097-944d-2b5eea3621ed,9ac565e2-f10b-44fc-83e4-1c9cd243af73, this is comment for performance test on perftest environment  we can see the comments later  for small files for second perf test1395
65acf02f-ede9-4877-badf-b108e43988b6,99,450.5675029,91.08757639,74b03a35-70fb-4555-bea4-cc22aab93241,f2fa6afb-b817-47d8-a669-31b0cd61530f, this is comment for performance test on perftest environment  we can see the comments later  for small files for second perf test1396
53d1c34d-2707-43ab-964b-6de0c567e01d,80,125.8710064,69.52863835,3026a50a-4192-4d47-ad40-90b4ca02d254,228466f2-3fe9-458a-95db-0ec507a5bd5e, this is comment for performance test on perftest environment  we can see the comments later  for small files for second perf test1397
cc89aef9-b18f-4366-b946-a0e37f3856ba,43,446.318348,176.3591066,a5960961-7837-4049-b60a-cd865dda86e3,79715596-c741-4057-972e-fe2815ab6299, this is comment for performance test on perftest environment  we can see the comments later  for small files for second perf test1398
0348bf61-c0e1-4004-8483-b8a0f78b5b1f,192,296.4973212,206.1640645,36959e80-622a-4d73-8895-56092ea0dff7,dc002eac-d272-4310-8313-581dfd206137, this is comment for performance test on perftest environment  we can see the comments later  for small files for second perf test1399
f5fa33a0-5274-4833-b01c-45047d032c36,14,223.1057485,20.90115953,d746b0c6-d8d2-468a-8ace-09cea149d988,5820a4f2-efb6-4bda-bc63-993ac528d61b, this is comment for performance test on perftest environment  we can see the comments later  for small files for second perf test1400
9036f4fa-21f0-48d3-ac73-e46a2ae6fe51,174,205.4841791,299.7006204,a05b52f2-92af-4d60-a3fb-dd8734acc5c9,d797d963-a120-45ee-8d5e-0a120fc90b43, this is comment for performance test on perftest environment  we can see the comments later  for small files for second perf test1401
c17919d7-94c5-481e-89e0-5a6f81c9d417,124,373.8967309,30.75798739,c4bbff10-f8e2-4f33-b033-e2e0e95543cc,4afece75-1848-4dc9-85ec-fc1cde04ef3c, this is comment for performance test on perftest environment  we can see the comments later  for small files for second perf test1402
a4ffc262-e191-461a-9018-0335c73651e6,148,190.1139318,175.6148115,44bb04b7-8fa9-4315-b0be-2bcd9240b6fc,c9deb99f-31d3-473b-9ce7-1cfaae123f62, this is comment for performance test on perftest environment  we can see the comments later  for small files for second perf test1403
4dc581da-4753-4fac-aede-7bebcf9b31d8,34,150.1859635,54.62970032,80b4fab8-e2bc-4e2c-b5e6-7774b72c7ef4,15dcc3b3-cbf2-473c-90a0-876e7fdaa5c8, this is comment for performance test on perftest environment  we can see the comments later  for small files for second perf test1404
6cbd459f-6e86-41e3-832d-ccf4adf03a2b,194,485.1816173,8.603690276,bcf989d2-770a-4fe8-8309-73ad2aaf4c43,f0237c64-1178-4fdc-adb7-e9e067b25c19, this is comment for performance test on perftest environment  we can see the comments later  for small files for second perf test1405
1950fefb-7cbd-4b76-b6d1-38334f26a1fe,189,73.09637344,217.1429508,c9ee739e-3f4b-4712-8b8c-8237f75b33bb,b432914e-9d7a-435b-b735-0f2736bb1474, this is comment for performance test on perftest environment  we can see the comments later  for small files for second perf test1406
01df9812-d2a2-4f9b-8f11-51358a85faaa,30,103.935429,62.52747225,335db21e-52a9-4bda-9580-b796d5546a60,57721ec5-2d2e-424f-bfbb-37d7500530e4, this is comment for performance test on perftest environment  we can see the comments later  for small files for second perf test1407
7d451aba-a854-46f8-92aa-93f40b8867ef,116,84.0178558,276.6571099,90abad92-3ef0-4f82-a183-6b715e95fe6d,af400d31-663d-4e17-93fb-2f15f5017778, this is comment for performance test on perftest environment  we can see the comments later  for small files for second perf test1408
4c8cf2f6-6054-4bdf-9af3-350a5881909d,114,68.91368286,293.0728867,a5d79573-c527-45f7-99a3-e0633a1e615c,408b563c-e4b5-4cf5-8563-4236db376fe3, this is comment for performance test on perftest environment  we can see the comments later  for small files for second perf test1409
a05aa1f8-a132-48fa-9970-e886d4aa741a,93,390.5775956,171.4887683,ac6f748e-54c5-4e3c-bc7a-0b8a8ae3daa0,7c08d68d-095c-4d3e-adef-8cc25ece7eb1, this is comment for performance test on perftest environment  we can see the comments later  for small files for second perf test1410
a917711e-a350-4e8d-8d9d-83fe2bf6c7d2,65,44.45748364,257.9994764,1255429c-b4ba-460f-9cb1-77c3f7e0eec8,4509d383-6e3d-433d-b5d1-8aea5f629f9a, this is comment for performance test on perftest environment  we can see the comments later  for small files for second perf test1411
fcd7e328-1377-4779-97a8-86f41f34a6a7,57,149.150101,296.2305357,836b9dac-ab32-46fa-84b4-870b53b8abbb,bdbf6869-5628-43b2-8c35-0eebc55fffd7, this is comment for performance test on perftest environment  we can see the comments later  for small files for second perf test1412
b9751ad5-651a-4a3a-8989-5e10f72a1b55,195,356.8080305,53.24564249,8d3c44c2-cf26-48cb-85d2-7fb69b8dc760,c367f6e5-e7c7-4c9f-af62-ff3c5a5614aa, this is comment for performance test on perftest environment  we can see the comments later  for small files for second perf test1413
d8df2aca-20f1-48e8-bfa7-990a7066f743,199,261.9882613,210.1595914,a72bdcb2-c756-4eb2-b2bf-447af1530340,dced13a2-8da1-470e-bb46-d4dd368f8cf8, this is comment for performance test on perftest environment  we can see the comments later  for small files for second perf test1414
2bd374ec-6df4-4b80-a049-291cff6041c0,85,199.1157957,251.4056928,5cb468ca-2ee4-4eb7-888d-c9b974de7938,73f741af-ad1e-4798-b610-0e28dd9912ff, this is comment for performance test on perftest environment  we can see the comments later  for small files for second perf test1415
9fcc5997-f7de-41db-a227-e233afe727fd,57,0.408153524,108.8064115,84eb2e5a-6e2a-4831-89cf-c3b9ad08bf62,1e0ab118-423c-43d0-b68a-ff9800c1bd7e, this is comment for performance test on perftest environment  we can see the comments later  for small files for second perf test1416
ce9c93cd-981e-4940-8f2a-30ba79dc5159,13,492.259802,58.53144655,29f89a05-4435-4e5b-bfb6-5e1a0187c684,f2ab880c-81d3-42ea-8da8-9843147c62c2, this is comment for performance test on perftest environment  we can see the comments later  for small files for second perf test1417
4215c278-606c-455c-a8a0-298b13df34bb,62,1.247288241,12.87868096,1667bef0-91d6-4413-9b78-f0b0b01fc3f9,4f6b6038-d3cc-4057-b2bf-8658645d5c7d, this is comment for performance test on perftest environment  we can see the comments later  for small files for second perf test1418
44539cc6-6c66-49fd-a05f-1c4ccb6b6c33,186,166.3984162,148.8103862,9f0a45ff-5984-4dfa-a405-b241e0f5250c,390391b4-7061-4aec-bf06-b202c29f167e, this is comment for performance test on perftest environment  we can see the comments later  for small files for second perf test1419
ff889f33-cd8c-4ac3-aa67-a509e5b00b8d,45,113.9326765,185.2638809,f31d6812-9558-4324-9e7d-90545d1e3633,0e1c9baf-ac1a-4db9-b721-23bd9ec520bc, this is comment for performance test on perftest environment  we can see the comments later  for small files for second perf test1420
56d5d238-d476-4526-b807-a8e205b22f18,82,199.3878947,8.93920137,a6516a58-48ba-4bc8-a88a-003c2a3e98be,d3696b89-0dc2-4c0e-a11f-a1a16ff55dbf, this is comment for performance test on perftest environment  we can see the comments later  for small files for second perf test1421
723c8f80-3a67-4390-b23c-cb384e053bf0,3,2.773287558,105.1858483,9e4f803b-14dd-40a9-8af9-2597bb466fb6,04f2da26-079f-40c1-b7a5-6ad8e24d4186, this is comment for performance test on perftest environment  we can see the comments later  for small files for second perf test1422
5c499ff2-0c3e-484b-8172-f65d1a135425,67,276.7865726,126.0206505,1abd5bfc-63f3-4350-b144-b82e853a9a4d,1395013f-c2e3-4663-9bc3-0f796a037127, this is comment for performance test on perftest environment  we can see the comments later  for small files for second perf test1423
44be3c1c-995e-411e-9c68-4acf299ae5ff,146,72.30188887,201.2445705,6a8f97b2-94d0-48b9-b2a1-3ea6bc939a1a,eb5ff37b-b601-4372-879e-14845c69c8e6, this is comment for performance test on perftest environment  we can see the comments later  for small files for second perf test1424
7228ca4b-93cf-44fb-b836-0223ebcced87,21,252.7243516,37.2001162,fd9fb13c-fca9-4e47-be3b-ff3f801c9b1d,d92940b1-e437-47d2-b84d-2c84d1451ffd, this is comment for performance test on perftest environment  we can see the comments later  for small files for second perf test1425
c1416ce7-e2d6-4e59-8d11-07839b1ac5ca,93,382.3391206,3.569013306,4ea8b6c8-09d3-4c36-9eab-e663a19105c2,1a2839b8-2c22-476a-b534-c0db9d8281c1, this is comment for performance test on perftest environment  we can see the comments later  for small files for second perf test1426
0931a443-810b-4b10-8b15-c74ab44de357,68,293.5100192,5.224967107,4f02d162-c694-4333-b73f-a02b3cd2b57b,02e4cb1e-2508-4dc2-847c-afe6f9833381, this is comment for performance test on perftest environment  we can see the comments later  for small files for second perf test1427
972f612d-1f94-46fa-a386-130aee57191a,124,39.58431631,265.2643182,d5cdfeb5-b530-4930-aea1-c5ccedd6eefe,e688402e-cea8-4cd0-b911-43c226f94075, this is comment for performance test on perftest environment  we can see the comments later  for small files for second perf test1428
4b222842-c997-4f65-aef5-1f6143f90495,16,176.9610551,172.4165167,740fb4fb-19b6-4a77-af6d-99db940f9966,6ae72588-0ad1-460c-94d1-5a4b159e9db0, this is comment for performance test on perftest environment  we can see the comments later  for small files for second perf test1429
5f0e0f6a-504b-445c-ab3d-a9938f4fcaa6,42,90.5335837,259.4059565,8f52e4ed-ef4b-4206-b9b1-203fac797338,970f0018-7400-46b7-aff8-45afdf457556, this is comment for performance test on perftest environment  we can see the comments later  for small files for second perf test1430
79f97274-53f3-4d80-9e3f-baffa423bfc0,81,223.9978414,33.5156572,a66a8afd-e66a-4f0d-ba4c-5695f79f83a4,61fc88b8-e0b5-4e23-83d7-2f6d5d9b41d8, this is comment for performance test on perftest environment  we can see the comments later  for small files for second perf test1431
eb80bbc6-28b9-4afc-96b8-d44aca48434a,171,28.90679947,78.75419877,133e61a9-3fde-41df-8f24-166e766f7f7e,7c447654-62e9-41e8-a570-54f9a55d793e, this is comment for performance test on perftest environment  we can see the comments later  for small files for second perf test1432
7e7efa9e-45a8-4acd-bb6d-a450420ed9b6,201,427.4097081,164.3852544,c61cffba-514f-43e4-a0e1-22ae0a24a797,a217898e-ffcb-48fb-af20-daee1f37c9f0, this is comment for performance test on perftest environment  we can see the comments later  for small files for second perf test1433
54556383-bc28-4225-b42e-f958ded1fa1e,100,462.9872164,288.9262091,e1080a07-0884-4668-a9f0-f427f6224c8f,bb02ef32-54c5-491e-9d88-c59e4ee8f0ca, this is comment for performance test on perftest environment  we can see the comments later  for small files for second perf test1434
9024014c-99aa-4b31-a118-98877d47e1e0,27,461.6748404,84.07480485,fa4ad0f1-58b7-43e1-887f-60dbfd48d4aa,a3e9aaf8-6861-4831-a2f4-5974f34462a8, this is comment for performance test on perftest environment  we can see the comments later  for small files for second perf test1435
80a18ea1-a5f7-4983-aa6a-241ce3b719e9,90,143.7359778,163.8249204,8fbf69a2-8bae-4702-aa4a-62094461be78,aaa79924-ae89-4e7d-a110-250ef5c9a0a2, this is comment for performance test on perftest environment  we can see the comments later  for small files for second perf test1436
f3ae27cf-3a99-4853-976d-a7b7145b0184,101,251.5384227,249.2872679,46f89b63-a296-4235-9198-10345ce9e555,05a4b1f4-d740-415e-98d7-99ad0df81cb3, this is comment for performance test on perftest environment  we can see the comments later  for small files for second perf test1437
e2e5777b-240d-44d3-83fd-cbffd51ee414,39,23.57045096,205.6024302,4ddd5222-b0d1-4aac-ab21-c618f02e4a41,ae80bbe8-d263-428a-8eab-4b2e612f7b4c, this is comment for performance test on perftest environment  we can see the comments later  for small files for second perf test1438
016289c2-efdb-4072-9288-c13a494759d9,118,13.39834457,196.4084332,9ebc4aa5-3a0a-47a2-affc-67e9b98e73a1,69830595-6711-4188-88dd-499bbdbcb508, this is comment for performance test on perftest environment  we can see the comments later  for small files for second perf test1439
fed3f1a9-5c8e-4556-88ec-5bc97af903d1,126,224.5594761,25.31036788,8c0ad6e7-728a-4435-b388-4620f0a089b1,b6cd745b-5fa4-4d13-a889-8c47d577f2de, this is comment for performance test on perftest environment  we can see the comments later  for small files for second perf test1440
5b415c89-8332-4b7c-87f6-2e98341fb183,111,178.5299472,222.102658,93f0a793-0f86-4217-8318-a670a80843e1,bf2df6e8-2b43-457b-b4c8-c1988aeb8f65, this is comment for performance test on perftest environment  we can see the comments later  for small files for second perf test1441
bc51c09c-c301-4041-8b55-27523d89532b,165,130.6973367,178.7048049,ce1131da-82ea-4981-b4a6-39c6c1016061,928b1e17-ad6d-40e9-9e35-c53e00a426ac, this is comment for performance test on perftest environment  we can see the comments later  for small files for second perf test1442
8a633363-012e-41d9-b870-bded98cf6c98,137,150.3498272,220.744343,47dde321-cc8d-4a14-8300-9e45d2dc7f22,ec7b5331-f65c-464b-80b8-fe434ab95383, this is comment for performance test on perftest environment  we can see the comments later  for small files for second perf test1443
c08c7fe4-f255-43df-9cb1-5ca8426eecf8,190,255.0166557,172.5328148,0815594e-b521-4143-b205-a14b5c083744,40ea0e5f-81a5-4185-9802-b040162b6b55, this is comment for performance test on perftest environment  we can see the comments later  for small files for second perf test1444
857a7a32-b788-4535-9028-aedfad927449,7,127.2638933,68.90389498,4d474b19-137e-460f-82f2-cde2e43ab589,51406da2-7d8e-48eb-8910-ebc6e6735a4b, this is comment for performance test on perftest environment  we can see the comments later  for small files for second perf test1445
ff6826a9-b933-4e50-8910-dfbf74b99082,92,252.6696143,27.2011725,f6ed0135-bdd4-4439-bc0a-9b160add3c6b,8d5abfc2-8b7c-4818-9885-d683e83c2a37, this is comment for performance test on perftest environment  we can see the comments later  for small files for second perf test1446
98763c3d-f0fb-425d-b67c-7d3b46f97360,43,449.5900702,133.5644182,88f907ab-a9ed-423e-a71c-d2055b9e6669,7ab20915-311c-4e13-8c78-10bda84a0c43, this is comment for performance test on perftest environment  we can see the comments later  for small files for second perf test1447
5b4c72c3-77ca-4946-bde6-211e5c8e8549,66,475.7667757,13.24403209,c6842706-c814-4e8c-b07d-0516f61c3eae,91d67efc-d8dd-470a-bfc3-9562ff6d4197, this is comment for performance test on perftest environment  we can see the comments later  for small files for second perf test1448
6c4d37f4-6af6-436f-88a1-ea24d47afe68,97,463.4571209,3.097479862,a95ba268-ae88-45c4-89dd-97a4f45f14bb,2a794f88-3dc9-4095-8950-d6317fcb3a09, this is comment for performance test on perftest environment  we can see the comments later  for small files for second perf test1449
d5102b61-5dbe-46b5-b277-bb0d8c61d793,154,275.6712747,21.75987526,e21ee09c-abd0-442b-afbd-84faaedf94a8,a23af611-f6fc-41df-8bd3-9310affd31df, this is comment for performance test on perftest environment  we can see the comments later  for small files for second perf test1450
21421cb9-40a3-4123-a164-e40dd6a7e18d,180,369.7564394,46.22269386,ad63116a-b604-4aa5-90f0-d7888c081c62,f05607fe-18e4-4ee1-b505-cb5de568896f, this is comment for performance test on perftest environment  we can see the comments later  for small files for second perf test1451
3a66d831-ed87-44fa-bbfc-4b6d9689d9be,142,420.4957914,247.3331776,9a3ce6b6-55a7-42ac-b9f0-cf0a1374ed8d,804853b7-49ca-4053-908e-bfb2fb983674, this is comment for performance test on perftest environment  we can see the comments later  for small files for second perf test1452
1b1fc8ed-db59-4968-a690-1795c7a5c11e,152,473.9036096,243.7275356,7e9d14ea-3953-4cba-ba41-0131c4430727,52bcb054-746a-4b56-bac8-6804a8d4fdd0, this is comment for performance test on perftest environment  we can see the comments later  for small files for second perf test1453
5962298c-27df-4a4f-9526-161f3d546174,135,287.5745697,209.311459,46a24d4b-91a4-4f9c-8bf9-a140a5e8aae0,4306847b-4654-4543-b7e1-58dfab703c13, this is comment for performance test on perftest environment  we can see the comments later  for small files for second perf test1454
6d0edc73-f449-460a-be07-da4a2852d40a,152,227.5250371,236.7059623,a3864b84-b1a7-4b18-8112-d25df6997dc3,7b0e772e-6ec8-4728-9a16-3c5c49a1bccf, this is comment for performance test on perftest environment  we can see the comments later  for small files for second perf test1455
47efadd4-9b8e-4241-9701-68760e3311cd,42,26.45150067,231.1542575,db36323b-31a4-4a1b-912b-9aaec1be562d,92bb49fe-ea25-4bc8-baff-99740b0a47a3, this is comment for performance test on perftest environment  we can see the comments later  for small files for second perf test1456
abee89d9-34f4-4a4c-9abd-1f882aba7c75,6,159.8371298,171.1226386,81edd98e-5905-433c-9d2b-a7d3f1f6fdd6,11e199a2-20d4-4e1f-a7b1-7a5b2c94cf93, this is comment for performance test on perftest environment  we can see the comments later  for small files for second perf test1457
8081b640-57e7-4f98-8248-b3b853e73c48,143,242.1442465,194.4496841,31b5adc4-06cf-4a55-ac11-ea9a159ac23e,ad11d958-775b-420a-8ee8-8a7c92b9bf89, this is comment for performance test on perftest environment  we can see the comments later  for small files for second perf test1458
bde701f6-e9d4-4e35-9ad9-e16322282863,167,211.4802527,95.82412695,0e1cb25c-3165-4706-9828-aebf9c9fb89a,be6463b3-a83a-43c7-9db2-6d30edbe2e7b, this is comment for performance test on perftest environment  we can see the comments later  for small files for second perf test1459
38a8bf64-2c43-456a-a084-6743fd24fe43,174,81.75960629,154.7123574,376dff75-1758-4ee1-b2e4-7540b6e6face,4ad19f28-15f2-49c0-8aa8-f08023ff814e, this is comment for performance test on perftest environment  we can see the comments later  for small files for second perf test1460
3558179c-8da6-42d7-bbd7-98bcb3569336,11,482.3970293,95.46030786,b342db7b-b434-45ad-aff5-4f27d66c375c,7f1e5588-92b6-4855-95a7-4b10ac9f52e1, this is comment for performance test on perftest environment  we can see the comments later  for small files for second perf test1461
e2a39298-f49e-4c06-8410-901a69fa5df7,177,291.5277393,109.9014105,daf46081-2031-4495-9f3a-9bf658ec4a81,3f5374f3-81f7-49d6-adf0-55524734ff99, this is comment for performance test on perftest environment  we can see the comments later  for small files for second perf test1462
0fbb2f47-d1db-4810-83df-3560ad5bac73,149,386.9287535,293.4730317,9a3cb0e1-991a-496c-95d2-e756385eb1c0,77e8a9b1-83f3-4d07-8540-24867fc365b0, this is comment for performance test on perftest environment  we can see the comments later  for small files for second perf test1463
777bdafc-d67c-41da-bf80-a371285ae616,69,53.51191144,73.45990101,e34d8dbc-0cd0-4c35-aab3-7c7916fe5b24,32d6ef70-874f-4712-8149-1335e094c18b, this is comment for performance test on perftest environment  we can see the comments later  for small files for second perf test1464
fbc57641-0162-4270-9b8b-8b8ed082e21b,163,221.0095457,277.2413814,169b0b1b-7ede-447a-96ab-b569c8a7319a,5ec392a5-bf28-4850-ace3-4dc8aeb5f2cf, this is comment for performance test on perftest environment  we can see the comments later  for small files for second perf test1465
8ab0b303-6130-4d69-b516-b015f91645ac,46,380.0944594,84.36917875,534d2b83-92cb-4469-aa5f-504407efe342,51f03536-226b-4afa-b776-4b012c37707b, this is comment for performance test on perftest environment  we can see the comments later  for small files for second perf test1466
4993323c-513a-498b-9b89-ee288025ab9e,180,8.964317533,138.0928922,decfa3de-2d0a-45a9-9bd7-6bcc836173bb,e782d81d-3957-4ca9-ae55-be3ccbb2dd0d, this is comment for performance test on perftest environment  we can see the comments later  for small files for second perf test1467
152d33ce-7504-4882-842f-62b842a22663,32,294.2310348,64.09069467,cf6a1b86-7a7c-4688-b3bb-9aea707df497,bbeeee7d-e20b-4ff3-90a0-0684c1ea9267, this is comment for performance test on perftest environment  we can see the comments later  for small files for second perf test1468
9285f17c-7289-4e1b-9919-1ab7458f08fa,14,430.2040952,145.2096047,71a23082-924d-48a1-b205-562cc9b6fb0b,81bffc18-2fdb-49ae-8129-38a5f15b672c, this is comment for performance test on perftest environment  we can see the comments later  for small files for second perf test1469
60d435e7-6c03-483d-b0e1-fa126702caf9,87,419.7384939,70.24961555,82e168e8-3432-4515-9523-dd75b8988adc,691599b1-b782-4e1a-a1c4-1eb5c45682c5, this is comment for performance test on perftest environment  we can see the comments later  for small files for second perf test1470
8e67f7d5-ba67-4811-8357-b889be01452f,128,371.7346328,23.05103681,66701abc-87f2-402d-af66-1dc41a35788a,d413d1ba-7026-456b-b3b5-6cd1aa0bbe83, this is comment for performance test on perftest environment  we can see the comments later  for small files for second perf test1471
e8356c2e-002b-40d6-9a71-12fc8ef0fc89,161,249.8042094,29.48124489,b042cb41-77c8-4ba8-beed-8ec9b668962f,37fa9de2-b830-4bf3-9a37-9aa75b43d68c, this is comment for performance test on perftest environment  we can see the comments later  for small files for second perf test1472
f42bc8de-7e41-4de1-8179-abf689fb85ce,33,101.9657892,66.91968179,fb649ca7-c8e8-4ff7-a632-5acbeb4032ce,20696879-0a66-43af-aec2-25d60fcbdb79, this is comment for performance test on perftest environment  we can see the comments later  for small files for second perf test1473
753b2897-9e44-47e3-a1e2-e7ea3f711f58,85,15.68452844,26.05483912,59980c8c-eb0f-4e1c-90ad-bd792b1835a0,8d18af28-b67c-4f35-9aef-b52b9adab823, this is comment for performance test on perftest environment  we can see the comments later  for small files for second perf test1474
bfaf80d9-6cce-4f73-a11d-18c0a88f2b69,63,379.3806858,127.4079725,82a19715-b5c5-4a48-a2d5-4164ff1e672e,8cc09c7d-75db-455e-be4c-fddba269ef78, this is comment for performance test on perftest environment  we can see the comments later  for small files for second perf test1475
03bf9183-91b0-462c-ae5d-5cd11321d3ff,50,89.34222136,61.81569713,ce0c3614-993e-49ff-9a7b-68517b9b229e,1ad4a207-be5a-47bc-a74e-a0e2b80c731f, this is comment for performance test on perftest environment  we can see the comments later  for small files for second perf test1476
ad9cf717-fbdf-4d3d-9ebf-3b98fe960802,63,59.18296625,39.94997414,6c4ea5cf-b976-49f3-b490-e7bb054aa183,789d7420-9053-4fd9-8e51-f449f585a3b1, this is comment for performance test on perftest environment  we can see the comments later  for small files for second perf test1477
12387321-1959-45c5-b51a-94d12f96df57,10,282.637658,258.8134416,770938a6-dba5-4a48-ab24-4ba29d2615df,fc025297-57fb-44d1-8a6c-1239df4823c1, this is comment for performance test on perftest environment  we can see the comments later  for small files for second perf test1478
c75b209a-49cf-467e-bd0d-cea982a95956,103,28.51372378,165.3814406,303f7c9e-0936-4ea8-ae42-56996a410b8c,7e72ed54-92f7-4022-b919-eca1cbab9ba0, this is comment for performance test on perftest environment  we can see the comments later  for small files for second perf test1479
30345ade-b660-4dff-9c08-962380c17068,92,146.657555,184.9423186,adfbadd3-df5a-484e-b3be-cbb28cd139b2,b5540f06-eace-4b90-bc0a-b4123c7dde6f, this is comment for performance test on perftest environment  we can see the comments later  for small files for second perf test1480
5f22e29a-4aa7-4f0b-b50e-997643ea492c,96,321.0799411,87.67404434,3b70bea4-39aa-4fe4-a222-87f836004a0b,25df09f6-366a-434d-9b0f-f7451cbc816c, this is comment for performance test on perftest environment  we can see the comments later  for small files for second perf test1481
9cc2b0eb-bdac-4a18-8171-cef20138a200,180,283.7938201,220.3016706,cc0563c1-889e-409e-9e59-ebaa93cf7671,22d97f70-1400-4191-b1b9-fc9623e49ddf, this is comment for performance test on perftest environment  we can see the comments later  for small files for second perf test1482
a8541c0b-66ed-4568-8cf9-0e3c46437b25,22,43.36455788,258.8034551,23364d8f-2d6a-4d63-9555-cbb3542599bb,a02a6019-a03a-4d4d-a46c-4e532e5af805, this is comment for performance test on perftest environment  we can see the comments later  for small files for second perf test1483
fd4479d8-1fcc-4ed3-903c-a6616fc2f516,145,204.16935,137.1461759,be97f083-192d-476a-b9c3-edab10e17eb3,3beb141a-af18-4652-8398-270dd7f9452f, this is comment for performance test on perftest environment  we can see the comments later  for small files for second perf test1484
f621e9ee-115e-4167-9976-e34285bed2b9,36,193.7326487,262.5482371,d47729c4-e0d6-49a7-8ee5-6af21049c6e0,c23b9982-be0a-42e3-8d18-65a7f479a9e7, this is comment for performance test on perftest environment  we can see the comments later  for small files for second perf test1485
c40f055a-7206-44d6-8ad8-5bbee5eb5320,114,39.77765659,217.6548078,1759f3bb-1f72-45b2-af72-da457a4919b6,fb3966d0-0c5e-49eb-80d8-c79971f3851f, this is comment for performance test on perftest environment  we can see the comments later  for small files for second perf test1486
68a0b69c-35aa-43bd-92ac-e84836f92f07,161,2.884295874,39.97078835,a8dd42b2-844b-45d0-9520-37102dc1e960,84661a5a-ce28-4c05-a541-db8095f8f7f0, this is comment for performance test on perftest environment  we can see the comments later  for small files for second perf test1487
9ecda728-5efe-4997-9112-f3a387d8cd29,18,463.0309395,223.7845272,e5d5541d-565e-446f-96e0-7121cb5fc417,895f3a36-b6ad-499d-af84-1d687159b651, this is comment for performance test on perftest environment  we can see the comments later  for small files for second perf test1488
b48b3a05-ee66-4d50-92be-6eb9538144e5,67,147.8467371,82.04033113,2e572b05-555c-4153-8fde-8c50948b67a7,2f55494a-9d45-44f5-b3a2-b2b1e5393b6d, this is comment for performance test on perftest environment  we can see the comments later  for small files for second perf test1489
4b5711fd-f8de-4e3a-ab36-6f5642cc9a75,182,391.0013536,43.73285338,c944ef6e-ff55-4628-bbe7-066d6640f6f1,1fc6307e-a0fa-4d5b-b5e7-f0ac97808786, this is comment for performance test on perftest environment  we can see the comments later  for small files for second perf test1490
56cd251b-cd09-4a0b-bc65-3e18fbc7d1d8,147,444.0952751,278.5200532,55d053d5-a84a-4e55-a6fb-7e21fe9f3730,90f51482-61d0-4832-9c25-d093a171dd4d, this is comment for performance test on perftest environment  we can see the comments later  for small files for second perf test1491
938eb157-b543-46c2-a44a-58dc7d865a04,95,28.13892245,165.6179562,d5fc125c-c1ba-469b-898b-d9fdf7e75d7f,c1febba7-19f4-495c-a28b-dc5e3d5dd153, this is comment for performance test on perftest environment  we can see the comments later  for small files for second perf test1492
1050b179-c132-43da-9b8b-f97c5ac6262a,30,151.9347781,147.6174673,43a5d2e1-b09b-4dba-8662-0bac87a6d41d,34009cc9-e2c1-4334-8d22-99fd60886131, this is comment for performance test on perftest environment  we can see the comments later  for small files for second perf test1493
eb721eb4-56a2-4491-9e27-e71e113b731e,17,255.2378701,155.5638812,aef9914f-2b2d-4ac3-862a-e04767225d4f,f943f115-94f8-420e-9cc9-8c639ab80840, this is comment for performance test on perftest environment  we can see the comments later  for small files for second perf test1494